2457791.88602 18.133 0.038 4.64 1419.0
2457792.88880 18.135 0.047 5.89 1585.0
2457793.88024 18.180 0.026 4.63 547.0
2457794.88721 18.116 0.036 5.89 854.0
2457795.89125 18.137 0.037 4.91 1202.0
2457797.89084 18.126 0.033 4.59 1121.0
2457799.88529 18.105 0.031 5.39 668.0
2457801.87742 18.138 0.032 5.36 656.0
2457803.85794 18.164 0.031 4.54 917.0
2457807.84428 18.169 0.025 5.20 384.0
2457808.89504 18.130 0.027 5.05 562.0
2457809.90325 18.129 0.033 4.80 962.0
2457812.85736 18.107 0.023 5.03 415.0
2457814.82621 18.085 0.025 5.63 422.0
2457815.85312 18.156 0.025 5.84 407.0
2457816.84490 18.114 0.024 5.23 386.0
2457817.84148 18.092 0.022 4.58 445.0
2457818.82769 18.186 0.022 4.60 406.0
2457819.80756 18.115 0.024 5.77 382.0
2457819.90497 18.092 0.024 4.37 592.0
2457821.81569 18.183 0.032 5.78 527.0
2457822.81109 18.036 0.031 5.92 657.0
2457822.90044 18.096 0.021 4.30 404.0
2457823.88564 18.128 0.022 4.10 492.0
2457824.88174 18.114 0.028 5.25 542.0
2457825.87333 18.107 0.026 5.06 525.0
2457826.83221 18.073 0.028 5.35 627.0
2457827.80775 18.155 0.027 5.05 557.0
2457827.89688 18.116 0.023 4.79 477.0
2457828.86587 18.128 0.023 4.63 485.0
2457829.84787 18.098 0.029 5.21 670.0
2457830.85628 18.120 0.024 4.63 520.0
2457834.85204 18.080 0.025 5.17 466.0
2457835.79451 18.125 0.034 7.80 343.0
2457836.76435 18.112 0.035 7.84 384.0
2457836.88384 18.145 0.028 6.51 322.0
2457837.81747 18.169 0.023 5.32 296.0
2457838.75601 18.152 0.029 6.37 401.0
2457838.87371 18.138 0.021 4.49 358.0
2457839.82173 18.134 0.018 3.74 285.0
2457840.74603 18.136 0.027 6.17 365.0
2457840.86551 18.169 0.024 5.16 309.0
2457841.80533 18.095 0.030 7.35 319.0
2457841.91559 18.117 0.033 6.51 480.0
2457842.83021 18.144 0.023 5.60 316.0
2457843.75469 18.119 0.024 5.74 314.0
2457843.87224 18.154 0.021 4.95 280.0
2457844.78152 18.117 0.018 4.42 293.0
2457844.90049 18.099 0.024 5.76 318.0
2457845.81504 18.172 0.022 5.03 319.0
2457846.74618 18.185 0.029 6.54 324.0
2457846.85302 18.138 0.021 4.79 305.0
2457847.75613 18.086 0.024 5.65 337.0
2457847.87416 18.161 0.024 5.58 313.0
2457848.77004 18.106 0.023 5.65 312.0
2457848.88914 18.158 0.018 3.95 282.0
2457849.78353 18.148 0.018 3.99 329.0
2457849.90191 18.119 0.017 3.82 301.0
2457850.79580 18.120 0.024 5.04 390.0
2457850.91647 18.114 0.024 5.30 397.0
2457851.81351 18.089 0.023 5.10 416.0
2457852.74771 18.086 0.034 6.91 487.0
2457853.87319 18.156 0.031 6.58 428.0
2457853.88521 18.054 0.028 6.47 413.0
2457854.73605 18.109 0.026 4.78 620.0
2457854.78200 18.130 0.023 4.18 544.0
2457854.85519 18.158 0.023 4.21 499.0
2457855.76573 18.099 0.024 4.27 625.0
2457855.88874 18.122 0.021 3.71 551.0
2457856.77438 18.159 0.032 5.86 554.0
2457856.89945 18.125 0.036 6.53 540.0
2457858.82471 18.103 0.023 4.59 517.0
2457862.73553 18.121 0.028 6.17 407.0
2457862.84639 18.128 0.024 5.48 390.0
2457863.79321 18.086 0.026 5.99 362.0
2457864.74996 18.118 0.018 4.20 313.0
2457864.90230 18.146 0.020 4.16 376.0
2457865.75260 18.114 0.022 5.14 347.0
2457865.89143 18.089 0.020 4.04 412.0
2457866.74935 18.151 0.020 4.06 343.0
2457866.88202 18.123 0.018 3.34 366.0
2457867.75283 18.156 0.017 3.44 303.0
2457867.88416 18.171 0.021 4.42 321.0
2457868.81860 18.136 0.029 6.58 365.0
2457869.69868 18.151 0.022 5.49 335.0
2457869.81758 18.130 0.018 4.01 310.0
2457870.70469 18.148 0.020 4.39 319.0
2457870.83998 18.156 0.020 4.50 311.0
2457871.72576 18.115 0.019 4.16 361.0
2457871.85962 18.118 0.019 3.88 334.0
2457872.72561 18.155 0.019 3.85 353.0
2457872.87135 18.104 0.018 3.66 359.0
2457873.70529 18.136 0.021 4.30 368.0
2457873.81403 18.109 0.017 3.46 331.0
2457874.66526 18.122 0.028 6.37 410.0
2457874.79225 18.151 0.026 5.64 372.0
2457874.90563 18.131 0.025 5.40 426.0
2457875.87817 18.105 0.022 4.47 510.0
2457876.67652 18.136 0.028 6.01 487.0
2457876.79936 18.123 0.019 3.94 376.0
2457876.93427 18.079 0.025 4.44 665.0
2457877.75729 18.148 0.018 3.34 353.0
2457877.88568 18.101 0.022 4.29 463.0
2457878.79720 18.150 0.018 3.44 374.0
2457878.91998 18.119 0.019 3.57 458.0
2457879.74437 18.182 0.033 6.35 463.0
2457880.66566 18.210 0.036 7.13 487.0
2457880.77333 18.133 0.028 5.70 462.0
2457880.91566 18.082 0.032 6.42 470.0
2457881.85401 18.098 0.026 4.95 525.0
2457882.73028 18.172 0.028 5.22 502.0
2457882.86144 18.088 0.027 4.99 596.0
2457889.89290 18.075 0.040 6.20 938.0
2457890.75550 18.065 0.029 5.93 531.0
2457890.91274 18.078 0.044 7.60 679.0
2457893.72250 18.100 0.025 5.73 389.0
2457893.85243 18.120 0.021 4.48 384.0
2457894.60372 18.145 0.033 7.60 465.0
2457894.71542 18.094 0.020 4.37 347.0
2457894.83466 18.147 0.022 4.30 377.0
2457894.94259 18.137 0.044 5.76 1262.0
2457897.63924 18.168 0.032 7.31 427.0
2457897.75407 18.113 0.024 5.54 417.0
2457900.93391 18.090 0.034 7.33 441.0
2457901.68616 18.145 0.024 5.71 362.0
2457901.83990 18.130 0.026 5.37 401.0
2457902.67481 18.101 0.020 4.46 336.0
2457902.80622 18.085 0.023 5.01 394.0
2457903.69376 18.122 0.031 7.55 323.0
2457903.85236 18.098 0.023 5.04 392.0
2457904.59326 18.124 0.032 7.51 410.0
2457904.70922 18.134 0.018 4.02 291.0
2457904.83220 18.145 0.021 4.39 334.0
2457904.94280 18.053 0.039 6.71 791.0
2457905.66917 18.119 0.018 3.92 328.0
2457905.79889 18.148 0.022 4.61 379.0
2457905.92566 18.122 0.027 5.16 492.0
2457906.61697 18.116 0.022 4.55 397.0
2457906.74582 18.128 0.018 3.51 368.0
2457906.85844 18.124 0.023 4.21 469.0
2457907.60807 18.070 0.026 5.55 631.0
2457907.73256 18.132 0.021 4.27 495.0
2457908.57838 18.015 0.033 6.86 634.0
2457908.68110 18.133 0.022 4.10 444.0
2457908.81142 18.138 0.023 4.74 402.0
2457908.92036 18.094 0.032 6.09 596.0
2457909.61126 18.132 0.028 4.88 583.0
2457909.73271 18.095 0.022 4.11 484.0
2457909.84139 18.120 0.020 3.59 450.0
2457909.93407 18.084 0.029 5.07 723.0
2457910.62856 18.113 0.026 4.97 515.0
2457910.76079 18.107 0.023 4.48 478.0
2457910.87812 18.139 0.023 4.20 614.0
2457911.59603 18.135 0.037 6.56 708.0
2457911.70394 18.161 0.031 5.71 541.0
2457916.55502 18.125 0.039 6.38 871.0
2457916.65314 18.044 0.033 4.16 1504.0
2457916.75160 18.091 0.025 4.24 636.0
2457917.57692 18.117 0.031 6.03 563.0
2457917.68990 18.094 0.025 4.89 478.0
2457917.80339 18.122 0.024 4.44 551.0
2457917.91073 18.135 0.038 5.73 882.0
2457918.69840 18.153 0.036 5.25 1139.0
2457922.67435 18.121 0.022 4.82 355.0
2457923.55841 18.124 0.030 6.40 478.0
2457923.68149 18.089 0.026 5.88 371.0
2457923.80351 18.122 0.029 5.83 425.0
2457924.58709 18.144 0.023 5.07 373.0
2457924.71314 18.140 0.021 3.89 363.0
2457924.82124 18.118 0.021 3.98 426.0
2457925.61083 18.104 0.029 6.69 364.0
2457925.74637 18.149 0.029 6.32 351.0
2457925.86216 18.103 0.024 5.31 409.0
2457926.63409 18.139 0.023 5.13 331.0
2457926.77803 18.197 0.030 6.21 373.0
2457928.62457 18.132 0.027 5.74 408.0
2457932.66487 18.124 0.032 7.00 380.0
2457932.78804 18.138 0.025 5.76 346.0
2457933.64570 18.101 0.024 6.00 295.0
2457933.77789 18.046 0.026 6.67 315.0
2457934.58010 18.099 0.022 5.21 360.0
2457934.81069 18.163 0.026 5.31 356.0
2457935.55032 18.129 0.022 5.05 384.0
2457935.68164 18.144 0.024 5.48 365.0
2457935.79188 18.165 0.018 3.77 307.0
2457935.87996 18.160 0.023 4.77 372.0
2457936.54287 18.172 0.025 5.18 384.0
2457936.66875 18.163 0.024 5.43 321.0
2457936.79963 18.138 0.021 5.08 295.0
2457937.48463 18.098 0.033 6.65 596.0
2457937.59548 18.122 0.026 5.68 394.0
2457937.71692 18.147 0.027 5.67 352.0
2457937.83694 18.165 0.028 6.03 374.0
2457938.62089 18.106 0.033 7.18 454.0
2457944.49538 18.177 0.034 5.60 738.0
2457944.53606 18.147 0.030 4.98 723.0
2457944.58754 18.107 0.026 4.57 658.0
2457944.62803 18.123 0.029 5.04 629.0
2457944.69816 18.146 0.027 4.47 592.0
2457944.74673 18.160 0.029 4.72 630.0
2457944.79862 18.144 0.032 5.05 733.0
2457944.83161 18.112 0.041 6.33 1033.0
2457945.51690 18.109 0.034 6.36 658.0
2457945.62669 18.099 0.020 4.20 442.0
2457945.73897 18.119 0.021 3.89 473.0
2457945.84670 18.090 0.035 6.02 742.0
2457946.57054 18.134 0.026 5.18 461.0
2457946.69986 18.144 0.024 4.89 407.0
2457946.81218 18.135 0.025 4.97 456.0
2457947.55351 18.099 0.025 6.08 369.0
2457947.81555 18.126 0.034 6.94 489.0
2457948.56520 18.146 0.023 5.47 316.0
2457948.68979 18.129 0.025 4.77 527.0
2457948.82211 18.128 0.030 5.95 527.0
2457949.61218 18.222 0.033 6.20 564.0
2457949.73940 18.081 0.033 5.62 763.0
2457952.76758 18.160 0.028 6.49 320.0
2457953.52429 18.158 0.023 5.00 355.0
2457953.66671 18.132 0.023 5.55 300.0
2457953.78344 18.133 0.024 5.54 351.0
2457954.54147 18.142 0.021 4.64 416.0
2457954.68742 18.107 0.018 4.29 294.0
2457955.74205 18.125 0.019 4.42 326.0
2457956.53019 18.125 0.023 4.49 418.0
2457956.67148 18.113 0.019 4.18 301.0
2457956.78623 18.119 0.024 5.52 378.0
2457957.71121 18.124 0.026 6.41 353.0
2457958.61852 18.103 0.026 6.12 338.0
2457958.71933 18.165 0.026 5.92 330.0
2457959.48074 18.112 0.023 5.35 386.0
2457959.58139 18.153 0.021 4.71 323.0
2457959.69931 18.136 0.020 4.58 303.0
2457959.80310 18.160 0.026 6.18 368.0
2457960.56759 18.143 0.020 5.09 291.0
2457960.70535 18.157 0.021 4.96 324.0
2457960.80288 18.106 0.026 6.42 342.0
2457961.63773 18.142 0.021 4.86 337.0
2457961.77997 18.150 0.034 7.15 531.0
2457962.57797 18.114 0.018 3.89 350.0
2457964.53972 18.126 0.024 4.75 447.0
2457964.64439 18.168 0.025 5.24 378.0
2457965.63194 18.148 0.024 4.62 435.0
2457965.70844 18.121 0.022 4.48 524.0
2457966.58285 18.160 0.027 5.94 367.0
2457966.69755 18.165 0.028 6.18 342.0
2457967.62994 18.133 0.027 5.52 422.0
2457967.70526 18.141 0.036 7.30 464.0
2457971.48625 18.223 0.041 5.98 816.0
2457971.52899 18.112 0.037 4.83 1225.0
2457971.58198 18.094 0.028 4.85 639.0
2457971.61749 18.123 0.029 4.85 662.0
2457971.66584 18.154 0.036 5.40 757.0
2457972.50087 18.072 0.045 7.74 700.0
2457972.59013 18.119 0.033 5.72 616.0
2457972.63365 18.133 0.030 5.02 623.0
2457972.69685 18.072 0.030 5.04 703.0
2457972.73736 18.129 0.038 5.63 836.0
2457973.60259 18.101 0.034 6.29 597.0
2457973.74121 18.089 0.041 6.73 832.0
2457974.58146 18.149 0.026 4.99 457.0
2457974.69727 18.151 0.030 5.33 533.0
2457975.64397 18.120 0.035 7.33 417.0
2457979.57744 18.095 0.022 4.89 392.0
2457980.49386 18.084 0.031 6.80 459.0
2457980.62729 18.140 0.030 6.19 433.0
2457981.56003 18.139 0.025 4.87 440.0
2457981.67970 18.112 0.026 4.98 445.0
2457982.58935 18.125 0.024 4.88 358.0
2457983.51634 18.155 0.029 6.03 370.0
2457983.62703 18.112 0.021 4.35 354.0
2457984.54148 18.093 0.035 7.95 372.0
2457984.65416 18.168 0.026 5.36 355.0
2457985.59023 18.119 0.029 6.43 376.0
2457986.56476 18.112 0.018 3.87 321.0
2457987.47841 18.149 0.025 4.60 516.0
2457987.61707 18.096 0.019 4.09 384.0
2457990.53676 18.117 0.024 4.96 419.0
2457990.65684 18.050 0.033 7.52 404.0
2457991.58912 18.181 0.028 6.03 357.0
2457992.51353 18.124 0.021 4.48 378.0
2457992.63167 18.175 0.024 5.05 386.0
2457993.56121 18.098 0.021 4.33 399.0
2457994.49335 18.162 0.028 5.64 432.0
2457994.60641 18.119 0.027 5.60 452.0
2457998.49646 18.163 0.027 4.60 600.0
2457998.54760 18.128 0.027 4.82 560.0
2458000.51991 18.170 0.038 7.07 526.0
2458000.56370 18.126 0.029 5.48 546.0
2458000.61999 18.134 0.031 5.42 664.0
2458001.52951 18.107 0.022 4.28 495.0
2458002.49938 18.201 0.049 6.26 1013.0
2458003.48639 18.113 0.040 7.47 506.0
2458004.52214 18.155 0.029 5.71 468.0
2458005.55060 18.191 0.042 7.63 460.0
2458007.60860 18.146 0.031 6.78 391.0
2458010.52271 18.178 0.029 5.55 428.0
2458011.58769 18.103 0.029 6.01 413.0
2458012.58824 18.116 0.022 4.55 473.0
2458014.48314 18.151 0.025 4.32 519.0
2458015.48079 18.148 0.030 5.50 585.0
2458016.49827 18.101 0.026 5.59 449.0
2458017.52367 18.114 0.025 5.54 404.0
2458018.54944 18.106 0.022 4.91 402.0
2458020.49207 18.116 0.029 5.85 417.0
2458021.52353 18.100 0.029 5.38 531.0
2458026.49981 18.178 0.036 4.64 1081.0
2458026.54155 18.201 0.035 4.34 1038.0
2458029.54283 18.102 0.032 5.19 666.0
2458032.54954 18.095 0.033 5.70 676.0
2458035.53360 18.121 0.032 6.05 494.0
2458039.49703 18.154 0.031 5.96 477.0
2458040.54855 18.068 0.031 5.96 600.0
2458046.52533 18.092 0.041 7.22 712.0
2458053.52910 18.115 0.046 5.24 1328.0
2458057.51036 18.131 0.040 6.33 727.0
2458156.87360 18.098 0.026 5.09 632.0
2458161.85386 18.100 0.028 6.34 455.0
2458162.87799 18.150 0.021 4.52 424.0
2458163.89032 18.151 0.031 4.69 918.0
2458164.86587 18.101 0.025 5.94 430.0
2458165.86277 18.163 0.025 5.19 439.0
2458166.84456 18.103 0.030 6.85 421.0
2458166.89458 18.136 0.029 5.39 578.0
2458167.87016 18.105 0.023 5.21 396.0
2458168.85096 18.174 0.023 4.72 381.0
2458168.89060 18.098 0.025 5.45 437.0
2458169.87442 18.103 0.023 4.78 406.0
2458170.84805 18.129 0.021 4.30 409.0
2458170.89648 18.122 0.026 4.03 833.0
2458171.85718 18.129 0.022 4.35 412.0
2458172.82849 18.082 0.025 6.00 439.0
2458172.86762 18.131 0.024 4.94 437.0
2458173.83830 18.155 0.027 5.31 509.0
2458173.87717 18.172 0.022 4.14 458.0
2458174.84921 18.145 0.024 4.83 519.0
2458174.88803 18.149 0.020 3.55 452.0
2458175.84764 18.101 0.021 4.65 394.0
2458175.88689 18.160 0.024 4.75 414.0
2458176.84092 18.116 0.022 4.72 431.0
2458176.88050 18.138 0.023 4.77 415.0
2458181.83346 18.182 0.028 4.77 650.0
2458181.87541 18.138 0.026 4.62 590.0
2458182.86607 18.112 0.024 4.69 531.0
2458183.87124 18.086 0.025 5.30 491.0
2458184.85750 18.126 0.025 4.73 579.0
2458184.89827 18.098 0.028 5.10 582.0
2458185.86576 18.113 0.032 5.77 616.0
2458185.90778 18.088 0.037 5.12 1173.0
2458189.88426 18.062 0.022 4.25 482.0
2458190.86758 18.112 0.017 3.48 317.0
2458191.84474 18.143 0.022 4.91 358.0
2458192.83334 18.131 0.024 5.21 402.0
2458193.82078 18.159 0.028 6.72 327.0
2458194.78190 18.107 0.020 5.01 335.0
2458194.90136 18.119 0.018 3.83 333.0
2458195.87619 18.138 0.020 4.44 338.0
2458196.83352 18.141 0.021 4.59 329.0
2458197.78753 18.167 0.023 5.28 360.0
2458197.90376 18.150 0.018 3.58 351.0
2458198.85061 18.107 0.021 4.56 382.0
2458199.79626 18.160 0.024 5.22 338.0
2458200.78575 18.139 0.023 5.32 405.0
2458200.90277 18.102 0.022 4.93 406.0
2458201.82753 18.113 0.025 5.90 340.0
2458202.76431 18.110 0.023 4.87 449.0
2458202.87990 18.147 0.020 3.90 365.0
2458203.81272 18.113 0.020 4.61 336.0
2458204.73848 18.070 0.036 7.17 579.0
2458204.85142 18.131 0.022 4.97 345.0
2458205.79179 18.147 0.029 6.12 427.0
2458205.92333 18.183 0.042 4.28 1799.0
2458206.83252 18.105 0.019 3.97 421.0
2458207.75251 18.069 0.026 5.28 620.0
2458207.85960 18.122 0.019 3.70 435.0
2458208.77920 18.177 0.029 4.94 696.0
2458208.89568 18.100 0.022 3.85 529.0
2458209.80733 18.133 0.026 4.88 564.0
2458209.91426 18.120 0.026 4.93 556.0
2458210.82025 18.094 0.023 4.72 547.0
2458211.72494 18.098 0.038 6.77 712.0
2458211.83373 18.109 0.026 5.06 544.0
2458212.73531 18.153 0.035 5.64 909.0
2458212.82623 18.145 0.021 3.35 587.0
2458217.77285 18.139 0.027 5.94 370.0
2458217.89529 18.113 0.021 4.48 386.0
2458220.79356 18.098 0.022 5.78 300.0
2458220.92898 18.125 0.034 4.00 1565.0
2458221.82264 18.136 0.020 4.45 300.0
2458222.71850 18.161 0.024 5.40 358.0
2458222.85696 18.118 0.021 4.51 332.0
2458223.82860 18.116 0.022 4.65 333.0
2458224.71242 18.092 0.025 5.74 410.0
2458224.84691 18.111 0.021 4.37 387.0
2458225.84154 18.141 0.032 7.14 359.0
2458226.90361 18.143 0.027 6.16 339.0
2458227.78886 18.130 0.020 4.67 298.0
2458227.91905 18.163 0.021 4.02 373.0
2458228.83218 18.144 0.019 4.07 322.0
2458229.72835 18.139 0.019 4.25 314.0
2458229.86216 18.133 0.020 4.74 304.0
2458230.73075 18.173 0.024 5.48 349.0
2458230.86718 18.129 0.020 4.54 331.0
2458232.85576 18.127 0.019 4.14 343.0
2458233.76429 18.133 0.019 3.72 371.0
2458236.68332 18.115 0.028 5.02 648.0
2458236.82538 18.080 0.022 4.09 526.0
2458238.79115 18.118 0.025 4.20 659.0
2458244.65565 18.149 0.030 6.11 489.0
2458244.76528 18.149 0.024 4.72 437.0
2458244.90565 18.143 0.038 4.66 1384.0
2458245.82038 18.193 0.039 7.20 525.0
2458246.67883 18.057 0.032 7.24 428.0
2458246.79099 18.171 0.026 5.10 449.0
2458246.91357 18.098 0.032 6.06 589.0
2458247.71043 18.108 0.022 4.95 387.0
2458247.83235 18.120 0.022 4.50 458.0
2458248.71230 18.142 0.025 5.62 359.0
2458249.67814 18.093 0.033 7.60 395.0
2458249.78688 18.148 0.021 4.95 337.0
2458249.91810 18.135 0.023 4.26 507.0
2458250.73207 18.099 0.017 4.08 313.0
2458250.86209 18.138 0.020 4.29 354.0
2458251.65663 18.138 0.025 5.72 374.0
2458251.78092 18.145 0.026 6.22 522.0
2458251.90134 18.144 0.020 4.11 399.0
2458252.92669 18.146 0.027 5.30 466.0
2458253.71384 18.155 0.023 5.23 339.0
2458253.85456 18.138 0.021 4.42 371.0
2458254.71974 18.167 0.018 3.77 343.0
2458254.86953 18.134 0.019 3.45 398.0
2458255.67280 18.144 0.024 5.21 369.0
2458255.82877 18.151 0.021 4.08 390.0
2458255.93654 18.107 0.034 5.42 717.0
2458256.71542 18.132 0.028 6.75 333.0
2458256.83946 18.156 0.024 4.76 421.0
2458257.66481 18.115 0.023 5.15 398.0
2458257.77821 18.109 0.023 5.51 317.0
2458257.89766 18.097 0.023 4.53 448.0
2458258.75847 18.122 0.020 4.88 314.0
2458258.89721 18.094 0.017 3.37 364.0
2458259.72271 18.214 0.022 4.23 421.0
2458259.85262 18.165 0.023 4.63 441.0
2458260.63732 18.132 0.021 4.28 459.0
2458261.63853 18.113 0.024 4.80 428.0
2458261.76559 18.125 0.020 4.55 330.0
2458261.91951 18.133 0.023 4.44 458.0
2458262.62599 18.146 0.023 5.08 398.0
2458262.74280 18.165 0.019 4.31 325.0
2458262.87952 18.129 0.018 3.62 336.0
2458263.66629 18.094 0.020 4.46 428.0
2458263.79966 18.072 0.018 3.83 357.0
2458264.68263 18.145 0.027 4.33 977.0
2458264.80260 18.131 0.021 3.75 502.0
2458264.92590 18.125 0.027 5.50 545.0
2458265.69771 18.082 0.023 4.55 546.0
2458265.82712 18.106 0.022 3.84 541.0
2458266.70082 18.101 0.034 6.34 621.0
2458266.92477 18.140 0.035 5.60 805.0
2458271.68805 18.156 0.033 5.71 645.0
2458271.83476 18.097 0.030 5.27 687.0
2458272.67966 18.111 0.022 4.50 448.0
2458272.80497 18.138 0.021 3.88 461.0
2458272.92075 18.118 0.026 4.87 559.0
2458273.65493 18.082 0.020 4.45 393.0
2458273.79598 18.146 0.021 4.51 374.0
2458273.88646 18.135 0.023 4.74 440.0
2458274.63622 18.162 0.027 6.25 332.0
2458274.76082 18.138 0.031 6.67 413.0
2458274.88030 18.146 0.034 6.46 575.0
2458275.64056 18.159 0.023 5.02 346.0
2458275.77453 18.137 0.020 3.95 412.0
2458275.89260 18.186 0.029 5.34 555.0
2458276.63680 18.132 0.023 5.40 335.0
2458276.76325 18.126 0.024 5.59 358.0
2458276.87786 18.069 0.025 5.24 489.0
2458277.69826 18.159 0.019 4.42 292.0
2458277.81672 18.137 0.020 3.98 356.0
2458277.92863 18.179 0.027 5.12 524.0
2458278.62959 18.144 0.023 5.10 367.0
2458282.53662 18.120 0.028 6.33 409.0
2458282.64818 18.154 0.019 4.59 285.0
2458282.79876 18.121 0.020 4.78 321.0
2458282.91081 18.147 0.023 4.42 450.0
2458283.61123 18.152 0.023 5.38 309.0
2458283.74481 18.097 0.021 5.54 322.0
2458283.85797 18.103 0.026 5.68 414.0
2458284.58068 18.104 0.020 4.73 352.0
2458284.71167 18.141 0.021 4.78 321.0
2458284.82642 18.159 0.020 4.24 326.0
2458285.72953 18.131 0.023 5.18 325.0
2458286.54820 18.130 0.023 5.55 331.0
2458286.66975 18.081 0.020 5.65 272.0
2458286.82363 18.139 0.020 4.41 309.0
2458287.52989 18.142 0.027 6.42 400.0
2458287.66298 18.126 0.017 4.32 271.0
2458287.80175 18.140 0.020 4.74 274.0
2458287.90906 18.138 0.021 4.39 400.0
2458288.62890 18.139 0.020 4.79 288.0
2458288.77521 18.135 0.020 4.35 295.0
2458288.89927 18.089 0.042 8.17 558.0
2458289.61991 18.124 0.020 4.34 357.0
2458289.77061 18.117 0.021 4.53 341.0
2458289.89006 18.178 0.025 4.77 464.0
2458290.61908 18.150 0.022 4.71 366.0
2458290.77701 18.160 0.023 4.74 345.0
2458290.88771 18.130 0.027 5.18 527.0
2458291.67836 18.102 0.023 4.57 445.0
2458291.81304 18.162 0.022 4.19 413.0
2458292.55603 18.127 0.025 4.93 478.0
2458292.66835 18.061 0.036 6.04 919.0
2458292.82005 18.052 0.020 4.32 386.0
2458293.55377 18.089 0.038 7.06 553.0
2458293.69335 18.105 0.025 5.12 479.0
2458294.57942 18.071 0.044 7.82 732.0
2458294.71714 18.115 0.040 7.77 638.0
2458299.50170 18.057 0.041 5.65 1651.0
2458299.67041 18.112 0.042 5.78 1286.0
2458301.79640 18.177 0.034 6.51 532.0
2458302.70025 18.046 0.036 7.56 597.0
2458304.58318 18.078 0.028 6.73 379.0
2458304.70250 18.140 0.032 6.52 484.0
2458305.55576 18.082 0.033 7.58 402.0
2458305.72676 18.095 0.022 5.33 342.0
2458306.58968 18.089 0.028 6.96 358.0
2458306.73181 18.127 0.026 5.96 373.0
2458306.82461 18.101 0.030 6.36 442.0
2458307.54878 18.109 0.022 4.70 441.0
2458307.68388 18.163 0.019 4.18 299.0
2458307.80335 18.121 0.026 5.58 404.0
2458308.51697 18.149 0.025 5.88 326.0
2458308.63687 18.122 0.019 4.63 275.0
2458308.75881 18.132 0.025 5.28 383.0
2458309.48662 18.110 0.024 5.80 387.0
2458309.61321 18.138 0.021 5.23 299.0
2458309.73673 18.145 0.018 3.75 338.0
2458309.84202 18.101 0.026 5.50 444.0
2458310.55879 18.147 0.025 6.29 343.0
2458310.64160 18.145 0.019 4.70 344.0
2458310.72606 18.133 0.022 5.19 350.0
2458311.47080 18.130 0.036 7.14 506.0
2458311.58224 18.136 0.024 5.93 302.0
2458311.71491 18.133 0.020 4.31 330.0
2458311.82283 18.087 0.022 4.47 450.0
2458312.55026 18.137 0.024 5.24 349.0
2458312.68051 18.127 0.018 4.15 298.0
2458312.81550 18.112 0.019 4.38 358.0
2458313.55143 18.175 0.020 4.81 306.0
2458313.67404 18.135 0.018 3.58 319.0
2458313.78323 18.080 0.022 4.10 446.0
2458314.51861 18.148 0.024 5.54 356.0
2458314.63961 18.130 0.022 5.26 348.0
2458314.75876 18.117 0.021 4.44 353.0
2458316.51732 18.149 0.027 5.83 391.0
2458316.63236 18.141 0.027 6.13 356.0
2458316.76582 18.112 0.034 7.28 414.0
2458320.56709 18.124 0.023 5.35 383.0
2458320.69980 18.150 0.020 4.47 349.0
2458321.49181 18.181 0.030 4.91 614.0
2458321.78345 18.152 0.046 7.16 935.0
2458328.56712 18.098 0.026 5.29 529.0
2458328.68134 18.114 0.039 7.04 698.0
2458329.47106 18.125 0.028 5.18 540.0
2458329.58918 18.149 0.037 7.11 511.0
2458329.70045 18.110 0.023 3.95 556.0
2458330.50814 18.151 0.024 5.25 460.0
2458331.48710 18.121 0.022 4.97 361.0
2458331.61870 18.117 0.021 4.96 365.0
2458332.48821 18.113 0.025 5.44 409.0
2458332.62098 18.149 0.024 5.30 398.0
2458333.47531 18.095 0.025 4.94 503.0
2458333.60103 18.117 0.021 5.96 327.0
2458334.51171 18.109 0.022 4.52 438.0
2458334.64421 18.120 0.019 4.02 365.0
2458335.59902 18.085 0.022 5.05 489.0
2458336.52734 18.172 0.022 5.03 315.0
2458336.66524 18.118 0.019 4.29 279.0
2458338.54024 18.137 0.030 6.94 366.0
2458338.73125 18.169 0.025 5.57 381.0
2458339.57119 18.129 0.018 4.01 284.0
2458340.47387 18.127 0.027 5.32 477.0
2458340.64687 18.130 0.019 4.06 310.0
2458341.54531 18.137 0.020 4.05 338.0
2458341.74067 18.113 0.019 4.19 298.0
2458342.60471 18.169 0.025 5.33 366.0
2458344.47558 18.120 0.028 5.38 529.0
2458344.60441 18.138 0.024 4.90 373.0
2458345.50687 18.105 0.025 5.29 396.0
2458345.63669 18.157 0.021 4.23 305.0
2458346.54321 18.114 0.019 4.45 297.0
2458346.73604 18.132 0.019 4.03 286.0
2458347.58778 18.153 0.021 4.62 294.0
2458348.51508 18.110 0.032 6.27 428.0
2458348.70808 18.162 0.022 4.10 379.0
2458349.61264 18.192 0.054 5.65 1396.0
2458353.56504 18.079 0.027 5.01 565.0
2458355.49310 18.105 0.031 6.47 550.0
2458355.66044 18.068 0.025 4.74 575.0
2458356.55549 18.131 0.023 4.01 546.0
2458357.52333 18.097 0.029 5.99 505.0
2458358.50277 18.120 0.030 5.86 515.0
2458358.66260 18.118 0.028 5.35 526.0
2458359.55233 18.131 0.024 4.86 432.0
2458360.50416 18.174 0.032 6.87 382.0
2458360.62645 18.088 0.037 7.01 538.0
2458363.49464 18.147 0.029 6.12 395.0
2458363.67047 18.161 0.023 6.05 297.0
2458364.58637 18.117 0.020 4.26 384.0
2458366.51584 18.109 0.023 5.23 333.0
2458367.52373 18.137 0.023 4.83 373.0
2458368.47974 18.074 0.025 4.96 522.0
2458368.65905 18.139 0.019 3.77 399.0
2458369.61132 18.156 0.021 3.96 360.0
2458370.60638 18.155 0.021 4.13 365.0
2458371.55730 18.142 0.019 4.22 327.0
2458372.51862 18.129 0.026 5.45 377.0
2458373.50751 18.162 0.027 5.75 363.0
2458375.52769 18.139 0.028 5.84 398.0
2458375.64329 18.075 0.028 6.29 414.0
2458376.59786 18.076 0.027 5.92 422.0
2458377.53332 18.093 0.040 7.31 811.0
2458377.62842 18.110 0.047 7.24 961.0
2458382.48627 18.139 0.022 3.70 590.0
2458382.60020 18.149 0.024 3.84 646.0
2458383.50224 18.086 0.027 4.86 602.0
2458383.59528 18.103 0.030 5.25 672.0
2458384.54932 18.091 0.024 3.79 582.0
2458384.62502 18.147 0.028 4.42 688.0
2458385.56947 18.073 0.019 3.50 551.0
2458386.50189 18.121 0.025 4.10 572.0
2458390.51479 18.147 0.030 5.36 459.0
2458392.57572 18.096 0.025 5.17 431.0
2458393.53607 18.148 0.029 5.84 368.0
2458394.49155 18.130 0.032 6.26 431.0
2458394.61085 18.090 0.023 5.20 373.0
2458397.53238 18.081 0.025 5.26 457.0
2458399.49263 18.120 0.037 7.55 422.0
2458401.55531 18.079 0.028 5.66 583.0
2458409.51062 18.084 0.039 7.28 647.0
2458410.54834 18.106 0.029 5.15 655.0
2458412.53963 18.092 0.033 5.34 639.0
2458414.52896 18.114 0.039 5.83 729.0
2458419.49993 18.087 0.030 5.07 647.0
2458424.50684 18.062 0.046 7.96 645.0
2458528.89049 18.178 0.040 5.94 955.0
2458531.86155 18.104 0.026 5.85 415.0
2458533.87000 18.103 0.024 4.84 638.0
2458535.86533 18.163 0.033 6.41 571.0
2458536.85188 18.080 0.023 4.53 571.0
2458536.89267 18.112 0.031 5.50 681.0
2458538.86280 18.146 0.023 5.28 447.0
2458539.85143 18.119 0.024 4.95 496.0
2458539.90133 18.174 0.036 5.28 1064.0
2458540.87431 18.211 0.046 5.50 1233.0
2458544.87482 18.131 0.020 5.22 315.0
2458546.85209 18.155 0.020 4.62 341.0
2458546.89179 18.101 0.020 4.93 344.0
2458547.85661 18.131 0.022 5.60 338.0
2458547.90078 18.131 0.023 4.98 431.0
2458548.86543 18.134 0.020 4.67 379.0
2458549.79838 18.106 0.027 6.53 364.0
2458549.85291 18.097 0.022 5.69 342.0
2458549.90085 18.116 0.022 4.51 451.0
2458550.86541 18.139 0.020 4.79 344.0
2458550.90477 18.118 0.022 5.35 383.0
2458551.87584 18.123 0.023 5.47 332.0
2458552.84665 18.178 0.033 7.53 348.0
2458552.89704 18.146 0.029 7.26 330.0
2458553.81850 18.132 0.029 6.84 356.0
2458553.87453 18.161 0.028 6.75 356.0
2458554.79987 18.152 0.030 6.78 371.0
2458554.85150 18.150 0.022 4.96 358.0
2458554.89137 18.109 0.022 5.69 327.0
2458555.81248 18.144 0.023 5.43 373.0
2458555.85239 18.125 0.021 5.44 329.0
2458556.77924 18.139 0.024 5.39 356.0
2458556.82411 18.168 0.022 4.98 354.0
2458556.87378 18.136 0.021 5.41 337.0
2458557.78189 18.108 0.026 6.04 362.0
2458557.84118 18.112 0.021 4.99 337.0
2458557.88109 18.154 0.023 5.49 336.0
2458558.79451 18.074 0.024 5.73 372.0
2458558.83410 18.165 0.022 5.17 342.0
2458558.88329 18.134 0.021 5.55 310.0
2458559.77832 18.081 0.024 5.32 412.0
2458559.82780 18.115 0.020 4.41 337.0
2458559.86807 18.112 0.017 3.73 316.0
2458560.78086 18.108 0.023 4.79 519.0
2458560.82766 18.156 0.020 4.18 377.0
2458560.87680 18.133 0.019 4.08 352.0
2458561.78206 18.114 0.024 4.72 544.0
2458561.83115 18.134 0.024 5.02 480.0
2458561.87343 18.155 0.022 4.57 392.0
2458562.77803 18.102 0.030 5.77 646.0
2458562.87577 18.061 0.027 5.45 545.0
2458562.91613 18.137 0.039 5.37 1212.0
2458563.80751 18.095 0.028 5.58 653.0
2458563.85568 18.147 0.025 4.37 596.0
2458563.90504 18.129 0.023 4.03 580.0
2458564.80314 18.154 0.026 5.07 546.0
2458564.85472 18.123 0.021 4.12 515.0
2458564.89526 18.109 0.023 4.49 517.0
2458565.80516 18.096 0.026 5.28 591.0
2458565.85216 18.093 0.025 5.17 553.0
2458565.90624 18.110 0.023 4.23 541.0
2458566.81238 18.097 0.022 4.05 547.0
2458566.86326 18.124 0.022 4.37 505.0
2458566.90304 18.125 0.023 4.46 486.0
2458567.79483 18.164 0.030 4.85 849.0
2458567.82621 18.105 0.023 4.30 557.0
2458567.87548 18.092 0.025 4.74 533.0
2458567.91340 18.139 0.027 4.52 620.0
2458573.89783 18.150 0.026 5.79 363.0
2458574.73184 18.099 0.029 7.11 346.0
2458574.84883 18.166 0.024 5.91 315.0
2458574.88845 18.133 0.022 5.57 304.0
2458575.74258 18.173 0.029 6.82 347.0
2458575.78253 18.131 0.024 5.86 334.0
2458575.83083 18.136 0.024 6.13 322.0
2458575.86987 18.134 0.024 5.71 323.0
2458575.92049 18.134 0.026 4.51 575.0
2458576.79592 18.122 0.024 6.39 321.0
2458576.84417 18.146 0.024 6.10 329.0
2458576.88327 18.148 0.028 7.03 312.0
2458577.71930 18.143 0.035 7.56 424.0
2458577.80130 18.072 0.030 6.72 405.0
2458577.86468 18.083 0.025 5.97 403.0
2458577.91785 18.157 0.038 7.20 533.0
2458578.75077 18.082 0.022 5.28 369.0
2458578.78985 18.163 0.021 4.71 353.0
2458578.85013 18.115 0.023 5.43 394.0
2458578.89721 18.130 0.023 5.75 347.0
2458579.72805 18.070 0.027 6.26 444.0
2458579.76787 18.122 0.025 5.57 447.0
2458579.81348 18.078 0.026 6.14 428.0
2458579.86149 18.124 0.025 5.12 441.0
2458579.91755 18.113 0.024 4.68 523.0
2458580.74010 18.146 0.026 6.11 387.0
2458580.79466 18.185 0.023 5.30 361.0
2458580.83554 18.112 0.028 6.99 378.0
2458580.89350 18.146 0.021 4.65 382.0
2458581.72771 18.110 0.021 5.54 378.0
2458581.80173 18.130 0.022 5.61 339.0
2458582.70717 18.104 0.022 5.90 340.0
2458582.75767 18.090 0.023 5.96 340.0
2458582.87911 18.147 0.023 4.83 374.0
2458583.72995 18.113 0.022 5.50 367.0
2458583.82249 18.189 0.019 4.32 344.0
2458584.69540 18.098 0.024 5.57 416.0
2458584.78198 18.139 0.020 4.82 319.0
2458585.70194 18.170 0.026 6.11 381.0
2458585.75324 18.122 0.023 6.50 350.0
2458585.87223 18.118 0.018 3.96 343.0
2458586.70371 18.172 0.024 5.95 356.0
2458586.79740 18.160 0.020 4.70 306.0
2458586.92751 18.157 0.032 4.10 1145.0
2458587.73080 18.116 0.025 6.08 407.0
2458587.84170 18.113 0.023 5.25 363.0
2458588.70771 18.127 0.027 6.46 446.0
2458588.80117 18.150 0.018 4.51 307.0
2458589.68764 18.106 0.028 5.42 639.0
2458589.74801 18.114 0.023 4.42 514.0
2458589.87596 18.139 0.021 4.14 352.0
2458590.70621 18.102 0.025 5.31 601.0
2458590.79278 18.118 0.019 3.70 478.0
2458590.92287 18.105 0.022 3.82 549.0
2458591.74138 18.112 0.024 4.86 604.0
2458591.87227 18.094 0.020 3.98 473.0
2458592.80709 18.072 0.030 5.93 648.0
2458592.89103 18.117 0.026 4.27 689.0
2458593.76631 18.150 0.032 5.64 747.0
2458593.91455 18.078 0.024 4.39 612.0
2458594.70587 18.149 0.034 5.80 744.0
2458594.81270 18.113 0.024 4.74 598.0
2458594.93153 18.136 0.032 4.38 1061.0
2458595.72912 18.151 0.039 6.22 805.0
2458595.90767 18.102 0.036 5.32 1024.0
2458599.70661 18.073 0.034 7.48 519.0
2458599.76340 18.077 0.025 6.01 500.0
2458599.81777 18.175 0.024 5.47 380.0
2458599.89836 18.094 0.020 4.31 402.0
2458600.66571 18.172 0.030 6.65 373.0
2458600.75934 18.119 0.019 4.47 350.0
2458600.90751 18.099 0.019 3.81 416.0
2458601.69512 18.151 0.021 5.09 347.0
2458601.86486 18.080 0.017 3.24 394.0
2458602.69362 18.121 0.020 5.08 320.0
2458602.83095 18.123 0.019 4.03 356.0
2458603.67462 18.135 0.024 6.15 365.0
2458603.77298 18.112 0.017 4.05 298.0
2458603.92520 18.109 0.023 4.76 442.0
2458604.77988 18.125 0.023 5.55 323.0
2458604.92809 18.108 0.023 4.62 424.0
2458605.72061 18.117 0.021 5.19 350.0
2458605.88819 18.136 0.020 3.97 370.0
2458606.69632 18.162 0.020 4.42 335.0
2458606.82746 18.103 0.016 3.12 337.0
2458607.66216 18.123 0.024 5.80 372.0
2458607.76190 18.146 0.019 4.16 337.0
2458607.88641 18.146 0.020 3.94 409.0
2458608.67864 18.133 0.026 5.49 507.0
2458608.86676 18.092 0.019 4.06 408.0
2458612.73412 18.126 0.024 5.85 302.0
2458612.83026 18.076 0.027 6.24 366.0
2458613.63598 18.080 0.029 6.52 442.0
2458613.72246 18.151 0.024 5.47 342.0
2458613.87473 18.148 0.021 4.00 451.0
2458614.65755 18.176 0.029 5.64 463.0
2458614.75850 18.144 0.026 4.94 427.0
2458614.91541 18.143 0.029 5.52 500.0
2458615.72019 18.153 0.025 5.60 390.0
2458615.87705 18.153 0.024 5.54 357.0
2458616.66359 18.137 0.021 4.59 428.0
2458616.78574 18.119 0.016 3.23 360.0
2458616.93473 18.085 0.024 4.19 657.0
2458617.69395 18.120 0.020 4.38 428.0
2458617.85343 18.105 0.020 4.16 426.0
2458618.65916 18.156 0.026 5.81 481.0
2458618.78134 18.120 0.020 3.83 488.0
2458618.92122 18.071 0.027 5.16 612.0
2458619.68427 18.100 0.027 5.64 465.0
2458619.84820 18.156 0.030 5.69 497.0
2458620.65218 18.104 0.028 5.92 518.0
2458620.75808 18.128 0.021 4.23 450.0
2458621.78673 18.142 0.046 5.66 1278.0
2458621.91313 18.079 0.031 4.89 839.0
2458626.64376 18.106 0.034 6.63 595.0
2458626.69320 18.132 0.039 7.46 552.0
2458626.74426 18.115 0.025 4.97 522.0
2458626.80541 18.145 0.028 5.67 567.0
2458626.85883 18.135 0.027 4.58 612.0
2458626.90926 18.121 0.027 4.84 647.0
2458627.62647 18.062 0.025 5.72 616.0
2458627.69766 18.159 0.020 4.40 344.0
2458627.77180 18.106 0.021 3.97 580.0
2458635.66977 18.176 0.021 4.80 311.0
2458635.81370 18.121 0.022 4.59 383.0
2458635.93380 18.166 0.039 7.69 547.0
2458636.62480 18.131 0.024 5.73 360.0
2458636.76832 18.108 0.019 4.27 308.0
2458636.89225 18.138 0.021 4.29 405.0
2458637.60272 18.151 0.021 5.61 313.0
2458637.71571 18.122 0.019 4.31 348.0
2458637.85527 18.117 0.019 3.68 430.0
2458638.64690 18.160 0.021 5.55 319.0
2458638.82628 18.134 0.018 3.92 336.0
2458639.66984 18.111 0.018 4.12 375.0
2458639.83596 18.118 0.018 3.63 423.0
2458640.59246 18.114 0.026 6.50 399.0
2458640.72262 18.097 0.019 4.43 343.0
2458640.86581 18.175 0.027 5.47 401.0
2458641.63526 18.087 0.021 5.01 422.0
2458642.56962 18.117 0.030 6.42 528.0
2458642.80410 18.186 0.023 4.03 491.0
2458642.91098 18.130 0.028 4.95 579.0
2458643.60016 18.107 0.019 4.57 367.0
2458643.73375 18.139 0.020 4.27 352.0
2458643.84746 18.141 0.020 4.19 386.0
2458644.56095 18.116 0.027 6.01 456.0
2458644.63123 18.109 0.021 5.07 354.0
2458644.76496 18.104 0.023 5.18 376.0
2458644.87495 18.103 0.026 5.20 441.0
2458645.65286 18.157 0.022 4.88 355.0
2458646.59714 18.071 0.030 6.74 428.0
2458646.68508 18.090 0.025 5.97 375.0
2458646.79097 18.088 0.023 5.36 348.0
2458647.59373 18.135 0.031 6.27 511.0
2458647.64645 18.137 0.031 6.27 478.0
2458647.76787 18.129 0.029 5.97 449.0
2458648.59602 18.022 0.033 7.06 606.0
2458648.65092 18.080 0.027 5.68 537.0
2458648.77200 18.171 0.026 4.72 538.0
2458648.88194 18.056 0.028 6.46 473.0
2458649.61438 18.105 0.039 6.66 689.0
2458654.52581 18.144 0.038 5.58 1363.0
2458655.62014 18.121 0.021 4.52 585.0
2458655.76988 18.078 0.029 5.78 690.0
2458656.63093 18.103 0.021 4.95 464.0
2458656.73445 18.118 0.019 4.38 404.0
2458656.86252 18.110 0.031 6.48 530.0
2458657.59242 18.137 0.021 5.44 322.0
2458657.68523 18.163 0.023 5.08 333.0
2458657.80702 18.096 0.018 4.17 336.0
2458658.54106 18.160 0.026 6.52 315.0
2458660.50981 18.104 0.028 6.40 388.0
2458660.57858 18.177 0.021 5.04 296.0
2458660.72960 18.125 0.020 4.79 299.0
2458660.86867 18.140 0.029 6.24 540.0
2458661.59477 18.169 0.025 5.87 311.0
2458662.55826 18.095 0.031 7.37 400.0
2458662.65137 18.143 0.021 5.12 304.0
2458664.52241 18.125 0.025 5.93 347.0
2458664.62877 18.150 0.019 4.86 248.0
2458664.76376 18.138 0.018 4.38 336.0
2458665.59119 18.145 0.022 5.37 395.0
2458666.53522 18.135 0.031 6.59 480.0
2458666.66161 18.170 0.021 4.96 297.0
2458666.82446 18.117 0.029 7.08 327.0
2458667.56368 18.132 0.029 6.46 417.0
2458667.69215 18.127 0.023 5.36 343.0
2458667.81907 18.095 0.020 4.97 356.0
2458668.54183 18.119 0.027 6.74 343.0
2458668.69054 18.084 0.018 4.57 265.0
2458668.81804 18.185 0.022 5.18 314.0
2458669.51439 18.107 0.032 7.28 450.0
2458669.64660 18.103 0.022 4.93 375.0
2458669.78833 18.167 0.018 3.68 351.0
2458670.50065 18.128 0.025 6.15 410.0
2458670.58714 18.133 0.017 4.17 300.0
2458670.73805 18.137 0.017 3.83 270.0
2458671.67300 18.095 0.029 7.25 304.0
2458673.59947 18.073 0.019 4.29 385.0
2458673.73049 18.128 0.018 4.04 313.0
2458674.57102 18.180 0.027 6.13 352.0
2458674.66459 18.158 0.021 5.26 294.0
2458674.79580 18.091 0.027 6.09 410.0
2458675.61932 18.056 0.023 4.37 619.0
2458675.82292 18.137 0.027 5.74 410.0
2458676.48698 18.155 0.034 6.05 649.0
2458676.56432 18.140 0.024 4.63 508.0
2458676.73748 18.111 0.024 4.74 487.0
2458676.81374 18.102 0.029 5.67 583.0
2458677.60971 18.127 0.027 4.62 650.0
2458677.78535 18.118 0.039 4.78 1508.0
2458681.49239 18.185 0.044 6.65 1022.0
2458681.56903 18.110 0.038 5.76 910.0
2458681.65049 18.111 0.033 5.17 856.0
2458682.48701 18.166 0.032 5.71 737.0
2458682.56362 18.092 0.027 5.20 607.0
2458682.77691 18.111 0.028 4.84 660.0
2458683.48795 18.178 0.033 7.11 422.0
2458683.57265 18.136 0.030 5.97 483.0
2458683.74818 18.119 0.029 5.53 495.0
2458684.49445 18.137 0.026 5.76 404.0
2458684.57516 18.061 0.024 4.82 616.0
2458684.72993 18.133 0.022 4.54 404.0
2458685.49899 18.132 0.027 6.47 397.0
2458685.64418 18.140 0.021 4.48 345.0
2458688.55224 18.144 0.033 7.27 369.0
2458688.64865 18.158 0.022 5.11 276.0
2458689.49953 18.168 0.031 6.58 399.0
2458689.58522 18.124 0.026 6.26 328.0
2458689.69678 18.074 0.022 6.02 288.0
2458690.48806 18.120 0.026 5.45 415.0
2458690.58212 18.150 0.023 5.37 347.0
2458690.72334 18.145 0.021 5.03 305.0
2458691.48589 18.105 0.019 4.16 405.0
2458691.56202 18.116 0.018 4.40 276.0
2458691.74967 18.089 0.025 5.82 367.0
2458692.48808 18.122 0.027 5.63 458.0
2458692.57628 18.146 0.021 4.54 443.0
2458692.68858 18.111 0.019 4.14 357.0
2458693.48732 18.182 0.034 7.41 368.0
2458693.62204 18.123 0.023 5.78 304.0
2458693.76992 18.130 0.029 6.55 395.0
2458694.49071 18.088 0.022 5.03 369.0
2458694.56997 18.130 0.018 3.89 331.0
2458694.64926 18.130 0.019 4.84 286.0
2458695.49061 18.108 0.021 5.05 365.0
2458695.72636 18.110 0.017 3.82 305.0
2458695.77950 18.129 0.020 4.51 364.0
2458697.55949 18.095 0.030 7.20 347.0
2458698.49020 18.150 0.023 5.71 318.0
2458698.72021 18.136 0.018 3.79 302.0
2458698.76630 18.106 0.019 3.98 340.0
2458699.49313 18.138 0.026 5.65 378.0
2458699.71965 18.164 0.019 4.06 327.0
2458699.76565 18.128 0.021 4.84 343.0
2458700.49270 18.090 0.019 4.45 355.0
2458700.72998 18.152 0.022 4.76 364.0
2458700.76688 18.117 0.023 5.10 401.0
2458701.49283 18.119 0.024 5.36 375.0
2458701.64945 18.149 0.021 4.36 359.0
2458702.49306 18.127 0.025 5.81 366.0
2458702.60648 18.146 0.023 5.69 315.0
2458702.75995 18.165 0.022 5.02 341.0
2458703.49327 18.115 0.027 5.71 448.0
2458704.55032 18.145 0.034 6.75 544.0
2458704.68220 18.104 0.031 5.81 519.0
2458708.59991 18.203 0.022 3.71 593.0
2458710.49361 18.142 0.028 4.91 626.0
2458711.49171 18.074 0.038 5.36 1223.0
2458711.60452 18.125 0.030 4.84 868.0
2458711.73132 18.092 0.053 7.45 1085.0
2458712.50840 18.159 0.032 6.49 466.0
2458712.62624 18.151 0.030 6.29 447.0
2458713.49287 18.183 0.028 6.12 363.0
2458713.61927 18.139 0.026 5.41 413.0
2458713.73444 18.113 0.031 6.42 501.0
2458714.49512 18.168 0.031 6.81 360.0
2458714.64647 18.156 0.025 4.87 726.0
2458715.51082 18.212 0.030 6.43 340.0
2458715.65033 18.142 0.021 4.67 330.0
2458716.50859 18.130 0.017 3.53 306.0
2458716.72805 18.153 0.028 6.07 471.0
2458717.49399 18.214 0.030 6.35 339.0
2458717.63087 18.063 0.023 5.91 331.0
2458718.50941 18.149 0.019 3.71 338.0
2458718.64558 18.131 0.019 4.18 324.0
2458719.49118 18.154 0.030 6.57 364.0
2458719.58230 18.093 0.020 4.74 351.0
2458719.69189 18.158 0.029 7.34 375.0
2458721.50121 18.135 0.022 5.47 316.0
2458721.68836 18.112 0.023 5.60 345.0
2458722.49597 18.157 0.019 4.27 353.0
2458722.69724 18.160 0.025 6.21 301.0
2458723.60150 18.134 0.021 4.68 391.0
2458723.64168 18.117 0.021 4.58 365.0
2458724.50541 18.144 0.021 4.97 336.0
2458724.64285 18.136 0.019 4.41 316.0
2458725.50985 18.151 0.024 5.20 398.0
2458725.59510 18.117 0.022 5.45 316.0
2458726.58351 18.137 0.022 5.32 298.0
2458726.63653 18.161 0.020 4.53 270.0
2458727.53365 18.161 0.026 5.52 359.0
2458727.61844 18.151 0.028 5.80 408.0
2458728.59856 18.179 0.023 5.18 354.0
2458728.63821 18.126 0.022 4.74 344.0
2458729.49933 18.136 0.025 5.94 328.0
2458729.63693 18.135 0.023 4.85 360.0
2458730.58370 18.107 0.028 6.74 336.0
2458730.62390 18.143 0.025 5.88 331.0
2458731.53515 18.184 0.032 7.20 353.0
2458731.60328 18.107 0.030 6.79 380.0
2458736.61091 18.110 0.035 6.46 605.0
2458737.62196 18.052 0.037 7.15 625.0
2458738.59096 18.150 0.034 5.97 629.0
2458739.50600 18.124 0.030 5.62 527.0
2458740.54891 18.077 0.033 6.58 532.0
2458741.60286 18.151 0.030 5.87 509.0
2458742.60175 18.122 0.027 5.19 520.0
2458746.59348 18.155 0.031 7.20 351.0
2458747.54566 18.075 0.027 6.85 320.0
2458750.58717 18.130 0.023 4.74 375.0
2458752.58888 18.149 0.029 6.65 380.0
2458753.60426 18.160 0.032 6.59 406.0
2458754.58754 18.147 0.029 6.13 431.0
2458755.59036 18.110 0.021 4.24 383.0
2458757.57800 18.132 0.027 6.15 360.0
2458759.59786 18.043 0.035 7.29 460.0
2458763.56324 18.129 0.030 5.32 615.0
2458766.58597 18.059 0.039 6.55 866.0
2458768.57719 18.116 0.041 6.68 696.0
2458782.54728 18.064 0.028 5.39 550.0
2458783.51973 18.148 0.028 5.30 473.0
2458783.55044 18.136 0.030 5.98 471.0
2458899.87781 18.154 0.025 5.82 356.0
2458900.88646 18.083 0.022 5.08 407.0
2458901.88975 18.111 0.024 5.16 437.0
2458902.88975 18.099 0.020 4.61 384.0
2458903.88647 18.133 0.022 4.98 372.0
2458904.87617 18.194 0.021 5.08 297.0
2458905.86983 18.121 0.022 5.27 310.0
2458906.88369 18.155 0.023 4.98 329.0
2458907.88052 18.146 0.021 4.93 362.0
2458908.87474 18.145 0.025 5.73 353.0
2458909.85506 18.077 0.018 4.75 295.0
2458909.89806 18.151 0.024 4.33 690.0
2458910.80691 18.113 0.028 6.82 367.0
2458910.87590 18.059 0.028 6.67 397.0
2458911.83256 18.094 0.023 5.72 349.0
2458911.86673 18.067 0.022 5.83 331.0
2458912.80052 18.119 0.027 6.45 383.0
2458912.83903 18.097 0.022 5.64 351.0
2458912.88202 18.114 0.020 5.52 319.0
2458913.80983 18.094 0.032 7.29 396.0
2458913.85259 18.168 0.024 6.10 326.0
2458913.88707 18.132 0.024 6.03 333.0
2458914.85938 18.106 0.020 4.88 344.0
2458914.89369 18.066 0.020 5.11 365.0
2458915.83957 18.158 0.023 5.63 337.0
2458915.87450 18.117 0.020 5.39 307.0
2458916.79943 18.128 0.027 5.23 590.0
2458916.83403 18.107 0.024 4.66 509.0
2458916.87758 18.115 0.022 5.12 409.0
2458917.80318 18.137 0.030 5.03 762.0
2458917.84623 18.171 0.025 4.37 611.0
2458917.88331 18.094 0.025 4.53 686.0
2458918.82187 18.022 0.027 5.69 678.0
2458918.85647 18.137 0.028 4.62 858.0
2458918.89948 18.141 0.024 4.78 531.0
2458919.80646 18.067 0.034 6.63 661.0
2458919.84876 18.102 0.026 5.17 550.0
2458919.88399 18.168 0.023 5.08 483.0
2458920.80540 18.107 0.028 5.10 630.0
2458920.84025 18.093 0.024 5.16 553.0
2458920.88726 18.124 0.022 4.41 491.0
2458921.78566 18.117 0.028 5.44 646.0
2458921.83052 18.110 0.023 5.11 549.0
2458921.86533 18.103 0.023 5.08 519.0
2458921.90978 18.132 0.033 4.36 1295.0
2459795.59594 18.121 0.023 5.76 307.0
2459795.64383 18.181 0.020 4.76 304.0
2459795.67891 18.096 0.022 5.58 329.0
2459795.72387 18.067 0.026 6.33 384.0
2459795.75744 18.155 0.033 7.12 452.0
2459796.53502 18.246 0.030 6.31 357.0
2459796.62230 18.162 0.022 5.05 321.0
2459796.66574 18.130 0.023 5.75 332.0
2459796.70277 18.162 0.022 5.40 309.0
2459796.74694 18.147 0.023 5.31 329.0
2459797.57887 18.071 0.027 5.92 417.0
2459797.62184 18.120 0.029 5.73 418.0
2459797.65751 18.133 0.027 5.83 376.0
2459797.71623 18.146 0.026 5.43 465.0
2459797.75668 18.199 0.026 5.23 391.0
2459798.51813 18.080 0.042 7.48 827.0
2459804.48469 18.118 0.026 4.81 579.0
2459804.51916 18.083 0.027 5.19 573.0
2459804.56461 18.119 0.024 4.59 517.0
2459804.59990 18.118 0.026 5.15 535.0
2459804.64421 18.193 0.033 5.94 573.0
2459804.68350 18.096 0.033 5.95 760.0
2459805.50819 18.141 0.031 6.50 392.0
2459805.54332 18.071 0.029 5.29 626.0
2459805.58818 18.134 0.025 4.68 512.0
2459805.62304 18.092 0.022 4.57 470.0
2459805.66585 18.091 0.023 4.70 496.0
2459805.70004 18.128 0.027 5.03 544.0
2459805.74257 18.136 0.033 6.13 592.0
2459806.59778 18.126 0.032 6.59 542.0
2459806.64893 18.093 0.030 6.31 446.0
2459806.68649 18.051 0.029 6.00 468.0
2459806.74672 18.150 0.034 6.08 584.0
2459807.51411 18.123 0.023 5.75 332.0
2459807.57096 18.161 0.024 5.52 336.0
2459807.62689 18.066 0.023 5.61 362.0
2459807.69221 18.111 0.023 5.02 399.0
2459807.72717 18.078 0.023 5.25 421.0
2459808.49831 18.150 0.031 7.22 332.0
2459808.54421 18.153 0.024 5.47 321.0
2459808.64644 18.098 0.024 5.32 325.0
2459808.68296 18.108 0.029 6.16 387.0
2459808.72966 18.089 0.025 5.51 405.0
2459809.58206 18.122 0.026 6.39 304.0
2459809.62571 18.101 0.021 5.06 296.0
2459809.66317 18.105 0.023 5.44 309.0
2459810.50753 18.131 0.017 3.97 297.0
2459810.55531 18.123 0.017 4.10 295.0
2459810.70400 18.143 0.021 5.20 299.0
2459811.49699 18.144 0.028 6.83 314.0
2459811.57352 18.144 0.022 5.30 295.0
2459811.68225 18.126 0.020 4.49 313.0
2459811.72397 18.079 0.021 4.57 349.0
2459812.50391 18.176 0.028 6.45 318.0
2459812.55548 18.157 0.029 6.92 300.0
2459812.70227 18.161 0.021 4.49 308.0
2459813.50287 18.128 0.028 6.53 331.0
2459813.67595 18.148 0.024 5.74 298.0
2459813.71637 18.140 0.024 5.85 304.0
2459814.50502 18.072 0.021 5.12 333.0
2459814.56879 18.201 0.025 5.74 312.0
2459814.60366 18.147 0.022 5.57 314.0
2459814.70370 18.049 0.025 6.24 361.0
2459815.49150 18.169 0.022 5.11 345.0
2459815.55556 18.141 0.022 4.88 331.0
2459815.59049 18.090 0.020 4.86 335.0
2459816.47717 18.087 0.033 6.05 572.0
2459816.51178 18.171 0.026 5.85 342.0
2459816.55763 18.170 0.023 5.09 329.0
2459816.59309 18.128 0.020 4.97 315.0
2459817.49885 18.111 0.025 5.65 385.0
2459817.56723 18.080 0.020 4.65 396.0
2459817.61247 18.136 0.022 5.06 358.0
2459817.66914 18.092 0.019 4.84 381.0
2459818.54032 18.089 0.031 7.13 407.0
2459818.58778 18.173 0.032 6.62 414.0
2459819.51132 18.154 0.019 3.73 425.0
2459819.58049 18.173 0.021 4.82 369.0
2459820.48718 18.145 0.031 6.45 443.0
2459820.53499 18.099 0.025 6.19 372.0
2459820.67117 18.140 0.023 5.03 360.0
2459821.51102 18.170 0.025 6.03 340.0
2459821.55860 18.150 0.021 5.34 304.0
2459822.48634 18.166 0.029 5.58 492.0
2459822.53508 18.166 0.023 5.36 357.0
2459822.59471 18.047 0.028 7.31 360.0
2459823.59605 18.194 0.031 6.97 413.0
2459823.67835 18.105 0.032 7.39 415.0
2459824.51381 18.119 0.035 7.20 471.0
2459824.56948 18.090 0.032 6.80 496.0
2459824.68261 18.112 0.024 5.89 367.0
2459829.51656 18.171 0.042 6.90 760.0
2459829.63827 18.194 0.053 7.74 870.0
2459830.64333 18.050 0.035 6.38 795.0
2459831.49821 18.137 0.032 6.03 638.0
2459831.56499 18.161 0.032 6.06 627.0
2459831.62149 18.142 0.035 6.29 720.0
2459832.51527 18.118 0.035 6.67 649.0
2459832.56251 18.083 0.036 7.00 662.0
2459834.50667 18.148 0.025 5.21 472.0
2459834.55908 18.105 0.027 5.50 562.0
2459834.60768 18.168 0.028 5.03 602.0
2459834.65901 18.066 0.028 5.44 656.0
2459835.58728 18.132 0.029 5.87 502.0
2459835.63461 18.109 0.027 6.13 431.0
2459836.58817 18.169 0.037 7.74 447.0
2459837.64152 18.121 0.023 4.67 506.0
2459838.53229 18.116 0.023 5.18 388.0
2459838.59252 18.138 0.023 5.29 415.0
2459840.48834 18.092 0.031 6.43 566.0
2459840.53541 18.154 0.029 6.99 355.0
2459840.58287 18.144 0.029 6.86 383.0
2459841.49875 18.132 0.028 5.99 461.0
2459841.54742 18.178 0.025 5.54 410.0
2459841.59438 18.138 0.030 6.35 461.0
2459843.55097 18.069 0.030 6.99 407.0
2459843.60006 18.091 0.029 6.42 405.0
2459844.53540 18.090 0.027 6.76 402.0
2459844.58297 18.086 0.022 5.12 420.0
2459845.49376 18.095 0.030 6.73 443.0
2459845.54183 18.174 0.025 5.68 353.0
2459845.59118 18.122 0.022 5.19 377.0
2459846.58284 18.147 0.030 6.52 422.0
2459848.52038 18.126 0.029 6.55 431.0
2459848.56739 18.195 0.029 5.90 483.0
2459848.61617 18.065 0.027 6.04 460.0
2459850.54556 18.158 0.028 6.30 410.0
2459850.59328 18.047 0.022 5.05 399.0
2459851.59640 18.179 0.034 7.11 437.0
2459852.51365 18.077 0.030 6.94 427.0
2459852.55811 18.157 0.027 5.56 431.0
2459852.61136 18.140 0.024 4.86 465.0
2459856.57591 18.174 0.048 7.14 848.0
2459857.51983 18.079 0.037 6.99 695.0
2459857.58075 18.092 0.042 6.80 829.0
2459859.52142 18.048 0.022 4.54 624.0
2459859.56895 18.141 0.025 4.61 705.0
2459860.51020 18.178 0.041 6.69 705.0
2459860.55897 18.162 0.037 5.80 778.0
2459860.59112 18.091 0.037 5.96 879.0
2459861.53900 18.065 0.033 5.96 758.0
2459862.55330 18.120 0.040 6.46 816.0
2459863.53568 18.079 0.031 5.68 659.0
2459864.53147 18.114 0.029 5.36 600.0
2459865.51002 18.139 0.035 6.96 535.0
2459866.51708 18.043 0.024 4.68 586.0
2459867.50300 18.141 0.029 5.00 691.0
2459868.52489 18.077 0.029 5.12 533.0
2459869.52578 18.104 0.026 5.14 478.0
2459870.53045 18.146 0.028 5.83 465.0
2459875.51558 18.097 0.028 5.53 553.0
2459988.88498 18.233 0.030 4.77 837.0
2459997.83507 18.178 0.027 5.63 478.0
2460001.84772 18.097 0.020 4.52 453.0
2460005.84547 18.143 0.022 4.81 466.0
2460013.86312 18.137 0.019 4.02 464.0
2460021.78634 18.119 0.021 5.38 356.0
2460024.77839 18.142 0.020 4.45 390.0
2460026.85633 18.121 0.021 5.34 348.0
2460029.76465 18.163 0.022 5.82 331.0
2460031.83236 18.124 0.019 4.44 357.0
2460033.90704 18.192 0.022 4.91 369.0
2460036.80861 18.138 0.021 5.06 378.0
2460038.91302 18.122 0.019 4.80 330.0
2460041.76756 18.100 0.027 5.31 613.0
2460043.74665 18.129 0.025 4.45 737.0
2460048.90799 18.137 0.018 3.89 383.0
2460052.78055 18.158 0.023 5.56 353.0
2460056.72240 18.038 0.026 6.82 387.0
2460058.80062 18.130 0.020 4.59 376.0
2460060.79536 18.139 0.018 4.35 388.0
2460062.83000 18.116 0.018 4.51 341.0
2460066.71318 18.093 0.021 4.90 423.0
2460068.66649 18.114 0.030 5.68 681.0
2460069.90633 18.071 0.026 4.53 836.0
2460075.91545 18.068 0.024 4.34 801.0
2460085.64550 18.059 0.036 8.14 402.0
2460089.62320 18.182 0.027 5.27 494.0
2460091.64000 18.125 0.028 5.45 541.0
2460093.91650 18.102 0.032 6.35 643.0
2460095.90767 18.118 0.028 5.38 486.0
2460097.60353 18.076 0.029 5.13 718.0
2460098.73083 18.152 0.036 5.19 1013.0
2460104.91267 18.138 0.035 5.68 740.0
2460106.74120 18.130 0.025 5.68 338.0
2460108.56225 18.112 0.027 6.22 395.0
2460110.53013 18.115 0.032 6.44 580.0
2460111.75479 18.138 0.021 4.49 352.0
2460112.85448 18.099 0.022 4.47 465.0
2460114.78222 18.120 0.033 6.91 468.0
2460118.85699 18.154 0.027 5.46 461.0
2460120.73344 18.119 0.025 6.33 317.0
2460122.66989 18.130 0.027 5.95 367.0
2460124.51423 18.132 0.038 6.39 688.0
2460125.69637 18.098 0.029 5.22 624.0
2460130.63811 18.117 0.033 5.81 726.0
2460132.60168 18.110 0.032 6.26 644.0
2460134.68436 18.165 0.024 5.58 352.0
2460140.50280 18.083 0.029 6.64 384.0
2460141.77791 18.096 0.024 5.56 392.0
2460143.81699 18.161 0.028 6.32 394.0
2460149.68948 18.130 0.022 5.05 344.0
2460157.73170 18.091 0.030 4.38 1116.0
2460159.68982 18.146 0.032 6.13 580.0
2460161.65643 18.104 0.028 6.23 425.0
2460168.58635 18.144 0.024 5.31 361.0
2460170.58382 18.154 0.020 4.30 288.0
2460172.64852 18.119 0.025 6.06 386.0
2460177.66876 18.117 0.024 5.68 364.0
2460180.53639 18.150 0.028 5.42 479.0
2460186.54271 18.120 0.032 5.39 704.0
2460191.64532 18.092 0.039 7.57 594.0
2460202.53698 18.106 0.024 5.45 373.0
2460204.62069 18.098 0.027 5.68 449.0
2460212.62556 18.176 0.039 6.44 776.0
2460218.56185 18.093 0.033 6.54 552.0
2460225.58486 18.112 0.033 6.62 539.0
2460229.55905 18.183 0.039 7.18 551.0
2460243.52395 18.122 0.036 5.82 758.0
2460353.89159 18.122 0.043 6.23 1038.0
2460365.87293 18.058 0.032 6.14 660.0
2460371.85458 18.093 0.025 4.66 533.0
2460378.84907 18.145 0.020 4.22 394.0
2460381.87119 18.076 0.023 5.25 400.0
2460384.86769 18.131 0.023 4.87 434.0
2460387.83244 18.115 0.023 4.93 439.0
2460390.89197 18.124 0.021 4.52 429.0
2460393.81927 18.170 0.028 5.35 531.0
2460395.88842 18.105 0.023 4.19 567.0
2460398.81332 18.112 0.023 4.35 624.0
2460404.75273 18.145 0.026 5.85 405.0
2460406.88059 18.107 0.029 6.27 435.0
2460410.89349 18.092 0.020 4.58 371.0
2460417.81480 18.112 0.023 5.27 416.0
2460420.82980 18.134 0.026 5.65 388.0
2460425.74232 18.129 0.033 5.97 671.0
2460432.90980 18.112 0.025 4.91 557.0
2460435.77107 18.170 0.026 5.95 362.0
2460437.68205 18.103 0.034 7.63 421.0
2460440.87928 18.080 0.034 7.11 514.0
2460443.92172 18.095 0.034 7.13 499.0
2460449.71204 18.130 0.023 5.10 388.0
2460458.65398 18.154 0.024 4.67 511.0
2460460.65096 18.116 0.022 4.91 380.0
2460462.90122 18.123 0.024 5.14 460.0
2460464.66560 18.096 0.018 4.08 445.0
2460466.89397 18.071 0.028 5.91 531.0
2460468.87013 18.120 0.031 6.19 479.0
2460476.65974 18.069 0.023 5.51 403.0
2460478.68568 18.126 0.032 6.66 458.0
2460480.72718 18.165 0.036 4.89 1276.0
2460486.56743 18.062 0.031 6.45 559.0
2460488.66224 18.138 0.027 6.10 415.0
2460491.53016 18.090 0.021 5.25 341.0
2460492.82967 18.097 0.023 4.98 436.0
2460494.70333 18.145 0.028 6.59 347.0
2460497.49679 18.103 0.038 7.81 501.0
2460498.78815 18.118 0.022 4.88 362.0
2460500.76421 18.101 0.023 5.41 356.0
2460502.65913 18.152 0.027 6.12 346.0
2460504.63399 18.099 0.021 5.43 304.0
2460506.59454 18.109 0.021 5.02 377.0
2460513.68232 18.109 0.044 7.24 788.0
2460516.72231 18.127 0.026 5.70 411.0
2460518.74173 18.138 0.026 5.74 415.0
2460521.71617 18.121 0.022 5.20 344.0
2460530.69110 18.121 0.028 6.63 374.0
2460534.55074 18.109 0.021 5.15 355.0
2460542.66508 18.056 0.037 6.99 760.0
2460549.50133 18.102 0.026 5.86 431.0
2460555.62683 18.098 0.021 4.96 340.0
2460558.64332 18.143 0.023 5.16 404.0
2460561.54617 18.128 0.023 5.16 396.0
2460568.61219 18.134 0.045 7.14 812.0
2460569.64689 18.074 0.039 6.85 833.0
2460573.62331 18.118 0.031 5.36 741.0
2460579.53176 18.122 0.036 7.97 415.0
2460582.53868 18.134 0.029 5.81 449.0
2460587.50007 18.118 0.023 4.87 461.0
2460595.49633 18.053 0.040 7.53 763.0
2460596.51380 18.076 0.037 6.43 827.0
2460596.56391 18.110 0.040 5.67 1249.0
2460597.52578 18.154 0.036 6.04 785.0
2460597.57557 18.048 0.034 6.10 850.0
2460598.49826 18.057 0.033 5.88 750.0
2460598.54649 18.047 0.037 6.55 871.0
2460599.50078 18.132 0.026 4.40 716.0
2460599.56125 18.144 0.029 4.89 781.0
2460600.50031 18.106 0.030 5.30 839.0
2460600.54862 18.067 0.031 4.98 1019.0
2460601.51337 18.006 0.033 6.10 827.0
2460601.55957 18.071 0.038 6.30 954.0
2460610.52947 18.023 0.029 5.70 623.0
2460717.89034 18.095 0.040 5.74 1122.0
2460735.83853 18.084 0.025 5.86 413.0
2460738.83340 18.095 0.026 5.87 405.0
2460741.82655 18.079 0.027 6.15 400.0
2460743.86761 18.058 0.020 4.67 384.0
2460745.90568 18.072 0.022 3.96 726.0
2460748.89973 18.045 0.027 5.18 684.0
2460751.81567 18.086 0.024 4.65 561.0
2460753.78756 18.074 0.032 5.95 696.0
2460761.76556 18.066 0.025 6.17 388.0
2460763.76120 18.054 0.027 6.36 415.0
2460765.76711 18.059 0.023 5.42 390.0
2460767.77023 18.059 0.020 4.85 384.0
2460769.76455 18.068 0.022 4.97 444.0
2460771.79885 18.057 0.026 6.64 366.0
2460773.74791 18.079 0.025 5.54 470.0
2460775.77990 18.070 0.027 5.65 481.0
2460778.73362 18.061 0.029 5.49 736.0
2460779.90110 18.055 0.025 4.94 624.0
2460786.75885 18.048 0.027 6.17 439.0
2460787.91711 18.053 0.020 4.59 383.0
2460789.71676 18.041 0.019 5.04 336.0
2460790.85518 18.010 0.018 4.62 319.0
2460792.72409 18.096 0.023 5.37 386.0
2460793.84262 18.029 0.017 4.20 341.0
2460795.73538 18.033 0.024 6.28 440.0
2460797.93378 18.061 0.028 4.83 866.0
2460799.73502 18.044 0.021 5.19 336.0
2460800.84683 18.072 0.019 4.66 327.0
2460802.67625 18.044 0.023 5.58 415.0
2460804.76783 18.060 0.033 7.10 523.0
2460806.72342 18.044 0.025 5.39 602.0
2460807.82713 18.029 0.024 4.40 709.0
2460808.72608 18.019 0.026 4.49 885.0
2460814.82111 18.053 0.022 4.46 514.0
2460815.93441 18.022 0.022 4.47 554.0
2460817.78194 18.041 0.021 5.04 407.0
2460818.88314 18.044 0.024 5.99 406.0
2460820.73169 18.093 0.024 5.58 377.0
2460821.81296 18.037 0.020 4.75 373.0
2460823.78145 18.009 0.024 6.44 329.0
2460824.86600 18.054 0.023 5.18 408.0
2460825.92714 18.036 0.021 4.92 362.0
2460827.89096 18.034 0.020 4.59 433.0
2460830.86327 18.044 0.026 6.20 406.0
2460832.61464 18.032 0.027 6.80 406.0
2460833.80198 18.078 0.025 5.19 527.0
2460841.76339 18.009 0.026 4.96 689.0
2460843.71877 18.053 0.023 5.21 454.0
2460844.78976 18.056 0.030 6.87 461.0
2460846.54670 18.048 0.024 5.59 484.0
2460847.54818 17.989 0.023 5.73 429.0
2460848.55739 18.070 0.027 6.17 424.0
2460850.54858 18.001 0.026 6.31 474.0
2460851.55285 17.995 0.023 6.10 347.0
2460853.74507 17.998 0.021 5.36 389.0
2460854.77824 18.011 0.021 5.77 331.0
2460856.51658 18.049 0.026 6.27 424.0
2460857.82580 18.021 0.023 5.99 371.0
2460859.59690 17.991 0.016 4.45 306.0
2460860.60602 18.016 0.018 4.56 366.0
2460861.74167 18.075 0.025 5.91 409.0
2460868.56997 18.013 0.030 5.81 766.0
2460869.65752 18.001 0.027 6.15 522.0
2460870.79510 18.002 0.028 6.71 459.0
2460872.82572 17.962 0.031 6.99 555.0
2460874.53522 17.969 0.017 4.93 348.0
2460875.66277 18.037 0.018 4.39 322.0
2460876.81842 17.996 0.023 5.65 431.0
2460879.52125 18.027 0.019 5.01 359.0
2460880.76660 17.971 0.024 6.16 432.0
2460882.67886 18.001 0.021 5.59 360.0
2460885.77247 18.031 0.022 5.53 344.0
2460895.66888 17.990 0.032 6.03 771.0
2460896.76256 17.910 0.042 7.19 1207.0
2460899.57198 18.012 0.019 4.76 349.0
2460900.74328 17.976 0.021 5.02 489.0
2460903.57870 17.988 0.033 7.50 474.0
2460913.56242 17.977 0.021 5.28 364.0
2460915.54704 17.980 0.019 4.79 345.0
2460923.54967 17.931 0.032 5.33 1336.0
2460924.60140 17.957 0.025 5.55 652.0
2460925.48326 17.980 0.027 5.80 659.0
2460925.53099 17.939 0.027 6.28 597.0
2460925.57779 17.977 0.034 7.10 637.0
2460925.62475 17.988 0.032 6.58 716.0
2460926.48416 17.905 0.034 7.63 621.0
2460926.53158 17.965 0.030 6.43 646.0
2460926.57826 17.903 0.030 6.61 707.0
2460926.62947 17.918 0.032 6.70 817.0
2460927.48028 17.979 0.024 4.98 720.0
2460927.52761 17.956 0.019 4.48 521.0
2460927.57471 17.991 0.028 6.32 570.0
2460927.62205 17.948 0.025 5.74 601.0
2460928.48257 18.003 0.022 5.16 509.0
2460928.52978 17.922 0.019 5.29 394.0
2460928.57650 17.948 0.023 5.68 492.0
2460928.62391 17.987 0.027 6.41 549.0
2460929.50806 17.967 0.020 4.97 389.0
2460929.55551 17.964 0.019 4.95 386.0
2460929.60209 17.928 0.021 5.40 471.0
2460930.48486 17.949 0.020 5.17 491.0
2460930.53228 17.961 0.019 4.91 423.0
2460930.57905 17.973 0.021 5.25 463.0
2460930.62631 17.933 0.024 6.47 541.0
2460931.49638 17.987 0.023 5.81 409.0
2460931.54498 17.904 0.022 6.03 398.0
2460931.59960 17.963 0.024 6.15 403.0
2460932.51903 17.892 0.020 5.40 436.0
2460932.56660 18.024 0.025 6.35 411.0
2460932.61340 17.933 0.023 6.30 419.0
2460933.51104 17.955 0.023 6.07 442.0
2460933.55846 17.954 0.023 5.61 492.0
2460933.60558 17.970 0.026 5.83 587.0
2460934.51128 17.969 0.020 4.96 455.0
2460934.55928 17.956 0.021 4.98 489.0
2460934.60722 17.915 0.023 6.66 511.0
2460937.50657 17.914 0.027 7.05 447.0
2460942.61108 17.997 0.024 6.53 374.0
2460944.60310 17.894 0.026 6.82 453.0
2460952.50644 17.892 0.036 7.87 620.0
2460956.52602 17.939 0.032 7.65 641.0
2460961.55585 17.901 0.031 6.80 580.0
2460968.53230 17.881 0.026 6.72 512.0
2461088.86847 17.571 0.017 5.99 459.0
2461095.86946 17.575 0.013 4.89 381.0
2461100.85223 17.562 0.012 4.00 453.0
2461103.83737 17.559 0.016 5.03 554.0
2461108.86796 17.520 0.013 4.22 451.0
2461113.89424 17.521 0.014 4.73 413.0
2461116.80961 17.531 0.014 5.82 319.0
2461118.82270 17.475 0.014 5.06 398.0
2461120.85798 17.442 0.014 5.96 318.0
2461122.88953 17.477 0.018 7.02 380.0
2461124.88318 17.454 0.011 4.21 377.0
2461126.86582 17.467 0.012 4.71 347.0
2461128.85603 17.462 0.011 4.56 290.0
2461130.88614 17.444 0.013 4.85 432.0
2461132.88097 17.467 0.015 5.15 539.0
2461132.88097 17.467 0.015 5.15 539.0
2461134.88288 17.448 0.016 5.78 514.0
2461141.80832 17.427 0.015 6.52 372.0
2461145.76614 17.389 0.015 5.76 453.0
2461147.74039 17.406 0.013 5.64 366.0
2461148.91399 17.401 0.011 4.23 319.0
2461150.89845 17.356 0.011 4.74 370.0
2461152.72150 17.392 0.013 5.47 384.0
2461153.71874 17.390 0.013 5.50 401.0
2461154.86690 17.380 0.012 4.91 400.0
2461156.73186 17.373 0.012 5.05 373.0
2461156.87481 17.387 0.013 4.87 431.0
2461157.68501 17.390 0.014 5.46 463.0
2461157.72305 17.362 0.012 5.11 398.0
2461157.76110 17.376 0.011 4.68 370.0
2461157.80006 17.382 0.012 5.08 357.0
2461157.84431 17.352 0.012 5.05 399.0
2461157.88350 17.357 0.012 4.49 461.0
2461157.92201 17.365 0.014 5.49 482.0
2461158.68781 17.352 0.013 5.63 464.0
2461158.72557 17.395 0.014 5.73 407.0
2461158.76353 17.347 0.012 5.13 392.0
2461158.80199 17.371 0.013 5.50 383.0
2461158.84265 17.381 0.013 5.28 405.0
2461158.88143 17.344 0.013 5.48 423.0
2461158.91921 17.369 0.014 5.52 413.0
2461159.67801 17.368 0.016 6.30 537.0
2461159.71594 17.354 0.016 6.26 475.0
2461159.75386 17.359 0.014 5.74 429.0
2461159.79247 17.356 0.015 5.85 482.0
2461159.83320 17.375 0.015 5.91 463.0
2461159.87394 17.387 0.014 4.86 571.0
2461159.91587 17.358 0.013 5.44 415.0
2461160.67172 17.368 0.015 5.50 617.0
2461160.70931 17.352 0.014 5.28 581.0
2461160.74863 17.366 0.013 4.65 553.0
2461160.78738 17.358 0.014 5.27 518.0
2461160.82790 17.385 0.013 4.85 522.0
2461160.87233 17.362 0.013 4.52 559.0
2461160.91454 17.356 0.012 4.63 530.0
2461161.68118 17.323 0.015 5.23 710.0
2461161.72218 17.351 0.013 4.73 591.0
2461161.75993 17.361 0.014 5.04 576.0
2461161.79868 17.354 0.014 5.21 580.0
2461161.83792 17.376 0.013 4.62 603.0
2461161.87838 17.428 0.020 4.80 1473.0
2461162.68114 17.349 0.016 5.29 783.0
2461162.71864 17.375 0.017 5.85 681.0
2461162.75921 17.369 0.013 4.72 619.0
2461162.79732 17.353 0.013 4.83 593.0
2461162.83607 17.352 0.013 4.47 635.0
2461162.87505 17.357 0.014 4.86 621.0
2461162.91597 17.348 0.014 4.98 670.0
2461169.71337 17.316 0.016 6.69 452.0
2461169.75034 17.338 0.014 5.83 432.0
2461169.78862 17.378 0.014 5.70 368.0
2461169.82730 17.342 0.014 5.80 429.0
2461169.86585 17.372 0.014 5.45 461.0
2461169.90321 17.332 0.015 5.56 501.0
2461170.67806 17.309 0.015 6.67 440.0
2461170.71503 17.329 0.013 5.41 432.0
2461170.75274 17.324 0.012 5.15 415.0
2461170.79149 17.339 0.013 5.43 419.0
2461170.82948 17.339 0.012 5.11 404.0
2461170.86715 17.329 0.012 5.14 402.0
2461170.90536 17.321 0.014 5.78 434.0
2461171.65546 17.327 0.012 5.82 367.0
2461171.69294 17.343 0.012 5.35 335.0
2461171.73013 17.342 0.011 5.15 325.0
2461171.76746 17.333 0.011 5.08 343.0
2461171.80697 17.294 0.010 4.71 379.0
2461171.84716 17.322 0.011 4.65 397.0
2461171.88478 17.335 0.012 4.85 439.0
2461171.92267 17.342 0.013 5.12 465.0
2461172.65067 17.343 0.012 5.78 366.0
2461172.68838 17.349 0.012 5.27 355.0
2461172.72646 17.330 0.011 4.92 339.0
2461172.76433 17.345 0.011 4.75 355.0
2461172.80237 17.327 0.010 4.32 391.0
2461172.84798 17.327 0.011 4.36 420.0
2461172.88532 17.343 0.012 4.83 412.0
2461172.92292 17.350 0.012 4.29 472.0
2461173.65054 17.339 0.012 5.84 343.0
2461173.68750 17.327 0.011 5.40 302.0
2461173.72618 17.335 0.012 5.61 307.0
2461173.76528 17.305 0.012 5.57 319.0
2461173.80633 17.331 0.012 5.76 340.0
2461173.84796 17.334 0.012 4.73 364.0
2461173.88560 17.349 0.012 4.79 398.0
2461173.92257 17.336 0.012 4.66 424.0
2461174.64625 17.332 0.012 5.26 361.0
2461174.68444 17.330 0.012 5.72 293.0
2461174.70646 17.325 0.011 5.68 278.0
2461174.80809 17.348 0.011 5.03 287.0
2461174.84656 17.341 0.012 5.72 320.0
2461174.88440 17.361 0.012 5.22 342.0
2461174.92295 17.334 0.013 5.84 367.0
2461175.64545 17.313 0.011 5.40 312.0
2461175.68301 17.329 0.011 5.18 304.0
2461175.72094 17.321 0.010 4.84 285.0
2461175.75916 17.299 0.009 4.62 266.0
2461175.79823 17.331 0.010 4.79 265.0
2461175.84275 17.338 0.010 4.33 275.0
2461175.88008 17.299 0.010 4.49 295.0
2461176.71764 17.324 0.012 6.66 271.0
2461176.75508 17.335 0.011 5.36 286.0
2461177.65075 17.327 0.014 5.88 417.0
2461177.68881 17.335 0.015 6.87 360.0
2461177.72790 17.327 0.012 5.70 308.0
2461177.76586 17.328 0.012 5.41 312.0
2461177.80579 17.325 0.013 5.77 351.0
2461177.84425 17.332 0.013 5.97 384.0
2461177.88225 17.332 0.013 5.74 405.0
2461177.92515 17.342 0.014 6.26 407.0
2461178.62571 17.346 0.015 6.76 385.0
2461178.66378 17.315 0.013 5.89 340.0
2461178.70239 17.318 0.012 5.62 323.0
2461178.74001 17.328 0.012 6.01 306.0
2461178.78006 17.338 0.011 5.22 303.0
2461178.81930 17.298 0.011 5.33 299.0
2461178.85782 17.365 0.014 6.03 342.0
2461178.89535 17.304 0.014 6.06 405.0
2461178.93534 17.394 0.024 8.67 566.0
2461179.63847 17.307 0.012 5.75 315.0
2461179.68737 17.316 0.014 6.42 347.0
2461179.75087 17.358 0.016 7.21 364.0
2461179.79154 17.310 0.013 6.14 358.0
2461179.83025 17.313 0.012 5.29 359.0
2461179.86854 17.323 0.013 5.70 391.0
2461179.90656 17.313 0.012 5.38 364.0
2461180.63002 17.307 0.014 6.69 353.0
2461180.73699 17.324 0.011 5.18 348.0
2461180.77579 17.308 0.011 5.10 323.0
2461180.81730 17.308 0.011 4.98 307.0
2461180.85604 17.333 0.012 5.27 325.0
2461180.89387 17.296 0.012 5.40 349.0
2461181.86586 17.316 0.012 6.05 313.0
2461181.90349 17.317 0.014 6.37 345.0
2461181.94059 17.267 0.016 6.54 639.0
2461182.64340 17.315 0.011 5.08 357.0
2461182.68084 17.315 0.011 5.14 314.0
2461182.72129 17.316 0.011 5.12 304.0
2461182.75930 17.284 0.011 5.10 336.0
2461182.81790 17.332 0.011 4.73 360.0
2461182.85917 17.320 0.012 5.40 386.0
2461182.89710 17.296 0.013 5.78 437.0
2461182.93417 17.313 0.018 7.55 531.0
2461183.74273 17.305 0.011 5.56 282.0
2461183.78819 17.343 0.011 5.58 319.0
2461184.75375 17.305 0.011 5.70 285.0
2461184.79410 17.313 0.011 5.09 289.0
2461185.63284 17.290 0.014 6.74 360.0
2461185.69627 17.311 0.012 5.84 349.0
2461185.73449 17.293 0.011 5.54 334.0
2461185.77317 17.333 0.012 5.70 330.0
2461185.84684 17.307 0.011 5.10 328.0
2461185.88752 17.310 0.013 5.83 391.0
2461186.63593 17.317 0.013 6.00 380.0
2461186.67600 17.308 0.013 5.74 398.0
2461186.71437 17.286 0.012 5.64 364.0
2461186.75934 17.320 0.012 5.47 350.0
2461186.79905 17.313 0.011 5.13 361.0
2461186.83769 17.292 0.012 5.94 308.0
2461186.87587 17.312 0.011 5.28 334.0
2461187.64637 17.298 0.014 6.54 444.0
2461187.69602 17.292 0.013 5.77 411.0
2461187.73374 17.305 0.012 5.60 372.0
2461187.77201 17.286 0.012 5.43 385.0
2461187.81591 17.314 0.012 5.68 357.0
2461187.86990 17.296 0.013 6.17 335.0
2461187.90738 17.331 0.014 6.31 358.0
2461188.66535 17.299 0.013 5.49 431.0
2461188.70314 17.299 0.012 5.21 410.0
2461188.78395 17.285 0.012 4.98 456.0
2461188.82723 17.281 0.013 5.21 485.0
2461188.86642 17.290 0.014 6.07 477.0
2461188.90412 17.315 0.013 5.98 421.0
2461189.59781 17.306 0.015 5.73 646.0
2461189.63516 17.305 0.013 5.17 543.0
2461189.67324 17.299 0.013 5.39 466.0
2461189.71207 17.280 0.011 5.08 446.0
2461189.75915 17.302 0.011 4.73 451.0
2461189.79921 17.300 0.013 5.13 481.0
2461189.83588 17.284 0.012 5.03 470.0
2461189.88231 17.283 0.013 5.30 491.0
2461189.91938 17.300 0.013 5.47 457.0
2461190.72440 17.285 0.012 4.80 543.0
2461190.77623 17.294 0.012 4.33 601.0
2461190.83000 17.313 0.013 4.71 688.0
2461196.83241 17.284 0.013 5.89 514.0
2461197.84455 17.238 0.013 6.35 400.0
2461197.88706 17.274 0.014 6.57 429.0
2461197.92467 17.293 0.017 7.13 527.0
2461198.67187 17.261 0.013 6.66 330.0
2461198.70996 17.269 0.012 5.71 378.0
2461198.76163 17.287 0.011 5.00 397.0
2461198.78095 17.275 0.011 4.81 398.0
2461198.81852 17.270 0.011 4.78 462.0
2461198.85734 17.266 0.014 6.12 489.0
2461198.89395 17.344 0.016 6.33 529.0
2461198.93438 17.273 0.017 7.05 635.0
2461199.56164 17.273 0.013 6.01 419.0
2461199.60042 17.274 0.011 5.41 341.0
2461199.64455 17.247 0.011 5.24 327.0
2461199.68295 17.304 0.012 5.71 329.0
2461199.72869 17.298 0.010 4.41 341.0
2461199.77003 17.271 0.010 4.52 380.0
2461202.70363 17.267 0.010 5.07 281.0
2461202.74256 17.295 0.011 5.08 287.0
2461202.79860 17.281 0.011 5.19 305.0
2461202.83768 17.291 0.012 5.58 334.0
2461202.87558 17.291 0.013 5.66 392.0
2461202.92638 17.348 0.019 7.39 549.0
2461203.56684 17.284 0.014 6.93 361.0
2461203.60524 17.279 0.013 6.20 337.0
2461203.64577 17.245 0.010 5.28 299.0
2461203.68845 17.265 0.010 4.84 271.0
2461203.73274 17.258 0.011 5.89 293.0
2461203.77456 17.292 0.010 5.30 301.0
2461204.66301 17.279 0.011 5.87 440.0
2461204.70064 17.288 0.010 4.73 373.0
2461204.77381 17.271 0.011 5.96 444.0
2461204.83095 17.279 0.010 5.49 463.0
2461207.73140 17.283 0.012 6.54 441.0
2461207.83305 17.289 0.012 6.05 431.0
2461210.62341 17.274 0.013 6.62 342.0
2461210.66145 17.283 0.016 7.46 361.0
2461210.71884 17.297 0.012 5.79 340.0
2461210.77615 17.258 0.014 6.86 358.0
2461211.53345 17.262 0.012 5.30 429.0
2461211.57165 17.304 0.012 5.50 403.0
2461211.60956 17.268 0.011 5.04 356.0
2461211.65214 17.302 0.011 5.29 335.0
2461211.69490 17.278 0.009 4.91 445.0
2461211.74517 17.290 0.009 4.82 455.0
2461211.76473 17.277 0.010 5.08 493.0
2461211.81937 17.286 0.010 5.05 574.0
2461213.61917 17.303 0.015 6.86 376.0
2461213.66030 17.279 0.015 7.19 367.0
2461213.70784 17.297 0.013 6.21 322.0
2461213.74637 17.310 0.012 5.86 328.0
2461213.78563 17.305 0.013 6.07 326.0
2461213.82342 17.300 0.013 6.29 361.0
2461213.86150 17.273 0.012 5.82 373.0
2461213.89587 17.289 0.015 6.91 404.0
2461214.60717 17.268 0.012 5.46 405.0
2461214.65623 17.271 0.013 6.03 379.0
2461214.69916 17.288 0.011 5.48 334.0
2461214.73741 17.269 0.011 4.62 372.0
2461214.77825 17.285 0.011 5.30 296.0
2461214.81987 17.262 0.011 4.98 334.0
2461214.85738 17.277 0.012 5.77 365.0
2461214.89509 17.300 0.014 6.52 428.0
2461215.53224 17.281 0.015 6.39 485.0
2461215.56998 17.292 0.012 5.38 410.0
2461215.60795 17.271 0.012 5.43 351.0
2461215.65219 17.299 0.011 4.87 351.0
2461215.69466 17.270 0.010 4.70 345.0
2461215.73718 17.295 0.011 4.84 351.0
2461215.77640 17.290 0.011 4.59 348.0
2461215.81440 17.271 0.012 5.95 312.0
2461215.85268 17.264 0.012 5.91 365.0
2461215.89040 17.271 0.014 6.31 462.0
2461216.51777 17.285 0.014 5.51 539.0
2461216.55557 17.284 0.014 5.86 507.0
2461216.59365 17.286 0.014 6.00 421.0
2461216.63127 17.299 0.015 6.98 398.0
2461216.66969 17.261 0.013 6.12 373.0
2461216.71253 17.273 0.012 5.63 359.0
2461216.75548 17.296 0.012 5.49 374.0
2461216.79364 17.250 0.011 4.78 388.0
2461216.83560 17.273 0.012 5.53 389.0
2461216.87301 17.259 0.013 6.05 399.0
2461216.89821 17.289 0.014 6.45 413.0
2461217.53582 17.259 0.013 5.02 571.0
2461217.57330 17.284 0.012 4.98 488.0
2461217.61112 17.271 0.013 5.25 465.0
2461217.64954 17.254 0.012 5.51 442.0
2461217.69294 17.299 0.012 5.48 435.0
2461217.73228 17.274 0.011 4.53 441.0
2461217.77381 17.286 0.012 4.59 467.0
2461217.81515 17.275 0.012 4.46 508.0
2461217.85296 17.302 0.013 4.82 551.0
2461217.87889 17.266 0.013 5.27 509.0
2461217.89198 17.291 0.014 5.79 470.0
2461223.55231 17.313 0.018 5.36 1516.0
2461223.59801 17.301 0.014 5.80 541.0
2461224.57423 17.244 0.017 6.83 798.0
2461224.61916 17.320 0.014 5.85 536.0
2461224.66969 17.275 0.014 5.31 738.0
2461224.73564 17.278 0.013 5.82 381.0
2461224.77445 17.262 0.012 5.68 410.0
2461224.81217 17.301 0.015 6.52 471.0
2461224.84611 17.289 0.019 7.94 538.0
2461225.69412 17.312 0.015 7.22 338.0
2461225.74552 17.305 0.017 7.79 368.0
2461226.59153 17.282 0.015 7.61 344.0
2461226.62923 17.265 0.013 6.41 360.0
2461226.66933 17.292 0.015 7.24 336.0
2461226.70900 17.327 0.017 7.93 356.0
2461226.78410 17.268 0.014 6.28 433.0
2461226.82172 17.296 0.017 7.64 461.0
2461227.60025 17.292 0.013 6.73 284.0
2461227.63874 17.302 0.014 7.00 288.0
2461227.68130 17.288 0.013 6.45 310.0
2461227.72279 17.272 0.012 6.14 325.0
2461227.75948 17.280 0.014 6.61 367.0
2461227.79750 17.283 0.013 6.21 392.0
2461227.83945 17.273 0.016 6.90 497.0
2461228.51408 17.303 0.012 5.30 354.0
2461228.55185 17.248 0.011 5.43 309.0
2461228.59196 17.278 0.011 5.25 330.0
2461228.63842 17.285 0.010 4.80 334.0
2461228.68455 17.290 0.010 5.01 330.0
2461228.72684 17.295 0.011 5.09 346.0
2461228.76804 17.255 0.011 5.07 369.0
2461228.80675 17.260 0.011 5.17 395.0
2461228.84404 17.293 0.013 5.53 451.0
2461229.48412 17.277 0.013 6.12 400.0
2461229.52067 17.296 0.013 5.63 367.0
2461229.56247 17.284 0.010 4.94 292.0
2461229.65402 17.278 0.010 5.09 322.0
2461229.72362 17.265 0.014 7.21 316.0
2461229.76192 17.298 0.014 6.51 361.0
2461229.80170 17.329 0.017 7.61 417.0
2461230.71830 17.294 0.010 5.46 304.0
2461230.77349 17.311 0.011 5.19 335.0
2461230.81150 17.254 0.011 5.75 373.0
2461230.83814 17.287 0.012 5.51 414.0
2461231.55400 17.287 0.012 5.49 348.0
2461231.59479 17.268 0.012 5.84 341.0
2461231.63964 17.275 0.011 5.56 303.0
2461231.68597 17.266 0.011 5.50 297.0
2461231.73275 17.302 0.011 5.22 296.0
2461231.79188 17.293 0.013 6.11 433.0
2461232.48145 17.283 0.013 5.76 446.0
2461232.54152 17.297 0.013 6.31 345.0
2461232.57959 17.296 0.013 6.33 327.0
2461232.62501 17.318 0.012 5.55 291.0
2461232.66641 17.318 0.014 6.70 297.0
2461232.71106 17.299 0.011 5.61 283.0
2461232.75221 17.305 0.013 6.33 294.0
2461232.79971 17.299 0.015 7.15 336.0
2461233.47184 17.275 0.014 5.88 528.0
2461233.50360 17.258 0.013 6.16 390.0
2461233.54145 17.307 0.013 5.91 357.0
2461233.57964 17.286 0.012 5.94 323.0
2461233.62210 17.282 0.012 5.90 311.0
2461233.66856 17.296 0.012 5.66 300.0
2461233.71109 17.313 0.011 5.08 269.0
2461233.75078 17.263 0.011 5.24 287.0
2461233.78755 17.281 0.011 5.52 334.0
2461233.82440 17.321 0.014 6.18 390.0
2461234.47984 17.264 0.011 5.52 372.0
2461234.51865 17.282 0.011 5.48 338.0
2461234.56661 17.287 0.010 5.39 299.0
2461234.61638 17.297 0.010 4.88 335.0
2461234.66191 17.294 0.010 5.03 320.0
2461234.70620 17.299 0.010 5.19 327.0
2461234.75094 17.290 0.010 5.26 298.0
2461234.79204 17.310 0.012 5.81 424.0
2461235.46354 17.305 0.019 5.34 1111.0
2461235.50037 17.319 0.012 5.36 403.0
2461235.54197 17.262 0.010 5.02 304.0
2461235.58146 17.279 0.010 4.98 258.0
2461235.63165 17.288 0.009 4.49 250.0
2461235.66863 17.265 0.011 5.53 269.0
2461235.70812 17.252 0.010 5.08 279.0
2461235.74613 17.284 0.012 5.65 306.0
2461235.78418 17.282 0.011 5.62 296.0
2461235.82132 17.290 0.012 6.07 311.0
